Proyecto/Data/SUP/PM01SUP0.GRD
DSAA
         301         113
    0.000000E+00    15000.000000
   524400.000000   530000.000000
       -1.892238        1.892238
[rows 0 to 32 of 113, columns 74 to 147 of 301]
.5583 .2479 -.6962 -.7012 .5709 1.0924 .1658 -.7973 -.3871 .9230 1.5363 .7273 -.6638 -.8467 -.0528 .4031 -.2933 -1.1919 -1.0113 .0147 1.2275 1.7764 .9299 -.3129 -.8820 -.4700 -.0227 -.0711 -.3627 -.5559 -.1137 .3362 .5472 .4564 .0321 -.3448 -.4592 -.3666 .0762 .3912 .4207 .0569 -.4193 -.3909 -.0793 .3634 .4287 -.0880 -.3890 -.2890 .2693 .4925 -.1798 -.6424 -.0553 .8210 .3225 -.8932 -.6109 .7836 .9683 -.5987 -1.0618 .2395 1.0170 .1039 -.6358 -.4298 .1088 .5733 .3137 -.6557 -.5159 .5045
-.5407 .3058 .6991 -.2239 -1.2340 -.5392 .5368 .6002 -.5544 -1.4430 -.8847 .5192 1.2012 .4737 -.3975 .0224 .9128 .9497 -.0368 -1.2877 -1.7642 -1.0153 .3733 1.1046 .7066 .1014 -.0107 .2522 .4561 .0518 -.4319 -.5835 -.3900 .1054 .4299 .4944 .2460 -.1750 -.4315 -.4042 .0493 .4481 .3773 .0279 -.4666 -.4211 .0144 .4028 .3123 -.2830 -.4058 .1103 .5512 .0587 -.7825 -.3798 .8893 .6537 -.6864 -1.0438 .5856 1.1293 -.2072 -1.0454 -.1911 .6605 .5093 -.0838 -.5939 -.3734 .5433 .5650 -.3948 -.6463
.1018 -.6391 -.0452 1.1134 .8681 -.3392 -.7136 .2274 1.1829 .9288 -.3853 -1.3430 -.8037 .1469 .2642 -.5802 -.8643 .0305 1.1548 1.7265 1.0858 -.4445 -1.3099 -1.0243 -.1371 .1609 -.0833 -.2809 -.0379 .5231 .5989 .3118 -.1781 -.5249 -.4810 -.1449 .2283 .5127 .3524 -.0774 -.4584 -.4100 .0549 .4335 .4200 .0031 -.4273 -.2195 .2347 .4255 -.0542 -.6058 -.0721 .7494 .4441 -.7782 -.7030 .6003 1.0165 -.4426 -1.1796 .0486 1.0792 .3006 -.7425 -.5059 .1416 .5124 .3739 -.3885 -.6666 .2970 .7591 -.1035
.4375 .3526 -.8029 -1.1410 .1106 .8231 .1920 -.9561 -.9487 .2955 1.3979 1.1372 -.0495 -.4539 .2916 .7060 .0681 -1.0528 -1.5869 -.9747 .4344 1.4825 1.2379 .2115 -.3036 -.1596 .1093 -.0269 -.5558 -.5618 -.2099 .2824 .5662 .3964 .0548 -.3247 -.5055 -.2710 .1028 .4845 .3409 -.1171 -.4043 -.4055 .1110 .4309 .2437 -.2223 -.5021 .0551 .5240 .1346 -.6008 -.4713 .6745 .7363 -.5857 -.9935 .3086 1.2461 -.0198 -1.0860 -.3144 .7641 .5441 -.1562 -.5608 -.4005 .3667 .6969 -.1598 -.7574 -.1063 .7064
-.5714 .3626 1.1269 .3205 -.8446 -.6210 .5663 .9254 -.0623 -1.3559 -1.4091 -.1531 .6363 .2015 -.6073 -.2068 .9001 1.4280 .9420 -.5219 -1.6555 -1.3224 -.2281 .5358 .3575 .0265 .0827 .4972 .5529 .0535 -.4013 -.5843 -.3352 .0911 .4330 .4727 .2218 -.2241 -.4996 -.2948 .1645 .4753 .3441 -.1609 -.4672 -.3346 .2317 .4403 .0187 -.4539 -.2177 .5989 .4378 -.6469 -.7855 .4965 1.0121 -.1141 -1.2306 -.1462 1.0682 .5276 -.7599 -.6895 .1948 .5600 .4024 -.2118 -.6972 -.0749 .7725 .2508 -.6688 -.3731
.1250 -.9043 -.6637 .6584 .9454 -.0710 -.8716 -.1062 1.1553 1.4498 .3813 -.7513 -.5669 .2670 .2636 -.5911 -1.2953 -.8847 .4726 1.6915 1.5148 .1674 -.8084 -.6411 -.1653 -.0222 -.3751 -.4951 .0809 .4675 .6058 .2629 -.2186 -.4759 -.4690 -.1483 .3158 .4826 .3136 -.2210 -.4845 -.2942 .1344 .5177 .3018 -.2010 -.3840 -.0682 .5043 .2180 -.5215 -.4510 .4704 .8605 -.3277 -1.0114 .0049 1.1281 .3715 -1.0588 -.6622 .6321 .7632 -.1098 -.5578 -.4258 .1681 .6630 .1643 -.6854 -.3711 .5494 .5727 -.4209
.5327 .7907 -.3253 -1.1772 -.4205 .7135 .3751 -.9203 -1.4473 -.4450 .8634 .8888 .0244 -.3320 .4675 1.0929 .7814 -.3935 -1.6789 -1.5263 -.1018 .9645 .9650 .2629 -.0093 .2079 .3329 -.1610 -.5616 -.5549 -.1469 .3119 .5078 .3999 .0210 -.3542 -.4853 -.2472 .2746 .4486 .2533 -.1980 -.5057 -.2310 .2043 .4530 .0538 -.4831 -.2834 .3763 .5361 -.3948 -.8231 .2631 .9722 .0679 -1.0529 -.5853 1.0010 .8212 -.4981 -.9304 .0471 .6529 .3919 -.1363 -.6183 -.3328 .6066 .5910 -.4672 -.6909 .2215 .7128
-.7740 .0216 1.1589 .8369 -.3882 -.6732 .5878 1.3272 .5552 -.8924 -1.2766 -.2984 .3697 -.1744 -.9093 -.7876 .4178 1.6010 1.5115 .0194 -1.2584 -1.1457 -.2685 .1150 -.0141 -.2116 .2256 .6605 .4648 .0591 -.4421 -.5397 -.2936 .0920 .4403 .4915 .1381 -.3045 -.4993 -.1940 .2748 .4898 .2500 -.2825 -.4956 -.0945 .3808 .3669 -.3374 -.5035 .3174 .7504 -.0806 -1.0277 -.2465 .9981 .7309 -.8281 -.9791 .3804 .9828 .1175 -.6598 -.4943 .0841 .6191 .4114 -.4620 -.6588 .2418 .7154 .0300 -.7328 -.1789
.2280 -.9550 -1.0917 .1319 .7970 -.1632 -1.1384 -.6250 .8611 1.4453 .5747 -.3405 -.1415 .6488 .5861 -.3355 -1.4417 -1.4726 .0838 1.4514 1.3371 .3079 -.4100 -.2248 .0613 -.2320 -.6204 -.3915 .0504 .5346 .5212 .2220 -.1946 -.5039 -.4492 -.0860 .3486 .5290 .1357 -.2703 -.4929 -.2335 .3161 .4567 .1634 -.3620 -.3439 .3242 .4885 -.1573 -.7852 -.0375 .9937 .3294 -.8306 -.7788 .6250 1.0945 -.2834 -1.0162 -.2698 .7099 .5145 -.0948 -.5087 -.4505 .3110 .7275 -.0930 -.7706 -.1334 .6797 .3626 -.5846
.6961 1.1638 .0931 -.8916 -.3035 .9445 .6518 -.7441 -1.5403 -.7415 .4493 .4076 -.3809 -.4482 .3654 1.3710 1.2547 -.1800 -1.5751 -1.4544 -.1949 .6337 .4370 .1393 .2004 .5464 .2708 -.2468 -.5593 -.5043 -.0962 .3101 .4965 .3831 -.0071 -.4161 -.4751 -.1025 .3198 .4669 .1443 -.3221 -.4717 -.1264 .3981 .3269 -.2310 -.5642 .0490 .7216 .1059 -.8365 -.4807 .7873 .8555 -.5305 -1.1840 .1275 1.0729 .4143 -.6968 -.6157 .0790 .5494 .4672 -.2759 -.7256 -.0717 .7350 .3554 -.5821 -.5999 .4323 .7087
-1.0688 -.3342 .9393 .7149 -.5834 -.7239 .5427 1.5381 .8338 -.5137 -.7856 .0190 .4168 -.3261 -1.2047 -1.1887 .2092 1.7324 1.4845 .0597 -.9143 -.7095 -.1233 -.1039 -.4502 -.1606 .3801 .6088 .4951 -.0599 -.3977 -.5187 -.3038 .1453 .4706 .4586 .0606 -.4177 -.4259 -.1179 .3697 .5120 .0796 -.3816 -.4136 .1503 .5562 -.0071 -.5909 -.2208 .7896 .5859 -.7504 -.8676 .3055 1.1855 .1449 -1.0921 -.5270 .6243 .7272 -.0804 -.5264 -.4761 .1206 .7317 .2684 -.6862 -.4952 .4701 .6297 -.2016 -.7104 -.0116
.4193 -.8483 -1.0224 .1843 .7808 -.3469 -1.3784 -.8986 .5661 1.0994 .2873 -.2852 .2273 .9602 .9935 -.2721 -1.6302 -1.4754 .0317 1.2045 .9184 .1270 -.0295 .1572 .0618 -.4496 -.6022 -.3770 .1490 .4711 .5075 .1920 -.2235 -.5106 -.4408 .0079 .4395 .4181 .0944 -.4013 -.4684 -.0825 .3782 .4413 -.1297 -.4613 -.0594 .5805 .3217 -.7230 -.6234 .5517 .9504 -.1521 -1.1543 -.2551 1.0582 .6073 -.5701 -.8346 .0569 .5555 .4791 -.0914 -.6609 -.3245 .5448 .5949 -.3141 -.7163 .0279 .7737 .1720 -.7446
.7162 1.2631 .1363 -.7964 .0212 1.2062 .9483 -.6026 -1.3152 -.5629 .2824 -.0284 -.8129 -.7401 .3767 1.6233 1.4104 -.2932 -1.4084 -1.0525 -.0809 .2648 .0216 .0365 .5658 .5517 .2156 -.2777 -.5853 -.4075 -.0756 .3226 .5297 .3381 -.0880 -.4634 -.4129 .0093 .3909 .4376 .0347 -.4379 -.4036 .0995 .4755 .1316 -.5897 -.3708 .5189 .6807 -.4158 -.9950 .0957 1.0360 .4576 -1.0011 -.8514 .5353 .9357 .0544 -.6138 -.4815 .0396 .6180 .4526 -.4845 -.7223 .1932 .7514 .1483 -.6712 -.4438 .5585 .6909
-1.2739 -.4821 .7632 .4022 -.9480 -.9241 .4844 1.4611 .7782 -.3359 -.2475 .5080 .5558 -.3686 -1.5817 -1.3325 .3610 1.6264 1.2411 -.0768 -.5442 -.2178 -.1173 -.4455 -.5079 -.1142 .4064 .6468 .3552 -.0241 -.4485 -.5109 -.2554 .1912 .5337 .3871 -.0811 -.4096 -.4498 .0401 .4582 .4267 -.0625 -.5215 -.1748 .4681 .4169 -.3846 -.7096 .3515 .9651 .0770 -1.0008 -.6506 .9010 .9533 -.3924 -.9233 -.2028 .6486 .4789 -.0116 -.5701 -.4955 .3387 .7361 .0436 -.7280 -.3576 .5726 .5838 -.3917 -.7019 .1598
.6425 -.7278 -.7147 .5730 .8702 -.3741 -1.5038 -.8649 .3780 .5768 -.1902 -.3922 .4352 1.3843 1.1360 -.4512 -1.7200 -1.1972 .1785 .7802 .4580 .1281 .3186 .4017 -.1223 -.4672 -.6004 -.2799 .1712 .4689 .4651 .1738 -.2985 -.5361 -.3595 .1184 .4485 .3960 -.0616 -.4522 -.4284 .0885 .4837 .2152 -.3803 -.4406 .3763 .6831 -.1874 -.9585 -.2532 .9645 .6959 -.6530 -1.0658 .2585 1.0383 .2380 -.7011 -.5275 .0404 .5359 .5249 -.2269 -.7605 -.1374 .6906 .4263 -.4340 -.6543 .1687 .7830 .0829 -.8674
.6666 1.0669 -.1991 -.8770 .2788 1.4385 .9842 -.4628 -.9184 -.0948 .2849 -.3836 -1.2027 -.9991 .6380 1.8104 1.1684 -.3956 -1.1481 -.5547 -.0543 -.1799 -.2405 .2148 .5688 .6128 .1276 -.3558 -.4990 -.4248 -.0033 .3813 .5198 .2936 -.2204 -.4687 -.3216 .0884 .4966 .3602 -.1310 -.4906 -.2702 .3899 .4429 -.2935 -.6869 .0050 .9206 .3026 -.8474 -.7580 .4898 1.1732 -.1524 -1.0729 -.3875 .6356 .7076 -.0461 -.5082 -.5581 .1306 .7400 .2746 -.6214 -.6049 .3322 .7565 .0058 -.7634 -.2982 .6782 .5934
-1.2855 -.1834 .7918 -.0284 -1.2671 -1.0296 .5078 1.1377 .4073 -.2640 .2118 .9726 .7686 -.6781 -1.7905 -1.1775 .5674 1.3876 .7165 -.0127 -.1149 .0642 -.2473 -.6224 -.4643 -.0358 .4379 .5636 .3633 -.1051 -.4405 -.5399 -.1869 .3071 .5116 .2989 -.1546 -.5162 -.3244 .1461 .5427 .2921 -.3408 -.4530 .1569 .6750 .0469 -.8040 -.3505 .7800 .8668 -.4238 -1.1492 -.1114 1.0891 .5670 -.6248 -.7273 .0492 .4529 .5296 -.0540 -.6884 -.3858 .5453 .6601 -.1894 -.7051 -.2203 .6544 .5027 -.5287 -.7171 .3700
.4837 -.7696 -.2333 1.0786 .9219 -.5229 -1.3307 -.5962 .3345 .0020 -.6865 -.5336 .7175 1.7635 .9938 -.7559 -1.5197 -.7846 .2427 .3025 .0808 .3306 .5834 .3339 -.1141 -.5949 -.5072 -.2019 .1725 .4906 .4535 .0815 -.3514 -.5452 -.2349 .1983 .4827 .3166 -.2001 -.5238 -.2761 .2899 .4816 -.1204 -.6187 -.0723 .7310 .4755 -.7506 -.8943 .2846 1.0914 .3218 -1.0915 -.6309 .5546 .7926 .0189 -.5979 -.4797 .0389 .6657 .4594 -.4576 -.7152 .0729 .7381 .2948 -.5963 -.5734 .3631 .7691 -.0980 -.8928
.7732 .5876 -.7694 -.8972 .4909 1.5046 .7288 -.3965 -.3567 .3941 .3819 -.7236 -1.6466 -.8485 .9191 1.7460 .7723 -.4986 -.5954 -.2562 -.2119 -.4776 -.2582 .2828 .6339 .4930 .0989 -.3427 -.5593 -.3440 .0263 .4654 .5217 .1388 -.2672 -.4870 -.2576 .2716 .4947 .2702 -.3327 -.5083 .0774 .5696 .1799 -.6972 -.5439 .6185 .8616 -.1647 -1.0883 -.3704 1.0117 .7751 -.5110 -.9354 -.0637 .6257 .4830 .0693 -.6460 -.5399 .3433 .7618 .0372 -.7155 -.4111 .4659 .7190 -.1801 -.8373 -.1105 .8466 .3656
-.9526 .3983 .8251 -.4348 -1.4578 -.8267 .4613 .6797 -.1337 -.2278 .6278 1.4322 .6996 -1.0838 -1.7923 -.7155 .6523 .9104 .3358 .1513 .3271 .0341 -.4044 -.6039 -.4394 .0944 .4066 .5294 .3250 -.1235 -.5265 -.4863 -.0972 .3763 .4921 .2144 -.2936 -.5213 -.2402 .3568 .5162 .0202 -.5427 -.2304 .6124 .5255 -.4753 -.8763 .1634 1.0783 .4484 -.8936 -.9693 .4865 .9549 .1834 -.6129 -.5373 .0116 .5350 .5190 -.2387 -.7529 -.1380 .6743 .5015 -.3879 -.7129 .0455 .7421 .2994 -.7079 -.5741 .5726
-.0447 -.7883 .2966 1.3998 .8347 -.6465 -.9346 -.1052 .2355 -.4721 -1.2127 -.5030 1.2052 1.7870 .6145 -.9466 -1.1267 -.3073 -.0108 -.0943 .0384 .4951 .6528 .3066 -.2654 -.4967 -.5268 -.1687 .2656 .4815 .4267 -.0131 -.4421 -.4456 -.1778 .3226 .5048 .1700 -.3357 -.5320 -.0375 .5226 .2330 -.5167 -.5596 .4198 .9075 -.1108 -1.0218 -.5843 .8074 1.0170 -.3951 -.9785 -.2593 .6874 .5366 -.0702 -.4930 -.5977 .2449 .7801 .2292 -.6516 -.5737 .3095 .7276 .0935 -.7601 -.4176 .6472 .6738 -.4311 -.8083
.8149 -.0199 -1.2416 -.7824 .7169 1.2074 .3455 -.3378 .2474 .8780 .3560 -1.2075 -1.7749 -.4894 1.1548 1.3247 .3729 -.2602 -.1622 -.1346 -.5198 -.5092 -.1839 .3262 .6034 .4457 .0695 -.3517 -.5555 -.3626 .1729 .4987 .4517 .0709 -.3812 -.4779 -.1161 .3792 .5395 .0087 -.5063 -.3093 .4505 .5902 -.3498 -.8609 -.0313 .9656 .5932 -.7425 -.9996 .2687 1.1124 .2706 -.7033 -.6319 .0579 .5500 .5596 -.1356 -.7273 -.3792 .5791 .6420 -.2132 -.7416 -.1954 .6817 .5305 -.4549 -.7945 .2143 .8962 .0673
-.3586 .9714 .7218 -.7671 -1.3749 -.4237 .3981 .0307 -.5744 -.2195 1.1764 1.6602 .3813 -1.2693 -1.4912 -.3257 .4841 .3317 .2569 .4555 .4306 .0292 -.4967 -.6067 -.2988 .0251 .4563 .5132 .2578 -.1825 -.5414 -.4464 .0239 .3910 .4994 .0783 -.4167 -.5117 -.0355 .5163 .3714 -.3860 -.5410 .2493 .8216 .1002 -.9444 -.5450 .6819 1.0812 -.1737 -1.1853 -.3279 .6611 .7450 -.0907 -.5254 -.4866 .0408 .7474 .3503 -.5351 -.6395 .1568 .7332 .2645 -.6034 -.6154 .3663 .7985 -.0946 -.8453 -.2154 .7538
-.6337 -.6899 .7421 1.4519 .5130 -.5652 -.3988 .3860 .1452 -1.0138 -1.5451 -.3017 1.4112 1.5961 .2477 -.7308 -.6011 -.2331 -.2918 -.3500 .1245 .5284 .6358 .2649 -.2117 -.5367 -.4789 -.1708 .3055 .5618 .3097 -.1043 -.4281 -.4595 -.0085 .4093 .4705 .0160 -.5362 -.3575 .3174 .5338 -.1841 -.8201 -.1262 .8863 .6057 -.6214 -1.1260 .0812 1.1240 .4343 -.7163 -.7551 .1225 .5618 .4582 -.1046 -.7193 -.3848 .4667 .7703 -.0975 -.7666 -.3424 .5565 .6642 -.2661 -.8133 -.0938 .8704 .3978 -.7351 -.6378
.7305 -.6097 -1.4413 -.5581 .7182 .6976 -.1026 -.1449 .7394 1.3397 .1746 -1.4560 -1.6475 -.2196 1.0006 .8305 .2223 .1629 .1196 -.2486 -.5503 -.5896 -.1079 .3115 .5106 .4911 .0504 -.3763 -.5556 -.3031 .2139 .5399 .3953 -.0307 -.4687 -.4454 .0486 .5465 .3855 -.2877 -.5775 .1289 .7504 .1930 -.8070 -.6602 .5856 1.0375 -.0058 -1.1153 -.4993 .8197 .7622 -.0822 -.6969 -.4285 .1176 .6679 .4931 -.4617 -.7502 .0258 .6832 .4033 -.4810 -.6818 .1627 .8174 .1995 -.7893 -.4896 .5786 .7243 -.3007
.3041 1.3153 .5516 -.8394 -.9763 -.0848 .2379 -.5495 -1.0584 -.0667 1.5024 1.6653 .1063 -1.2210 -.9819 -.1917 .0625 .0288 .2883 .6353 .4763 -.0141 -.4648 -.5683 -.3516 .1079 .4040 .5461 .2118 -.2954 -.4975 -.3713 .0482 .5106 .3991 -.0528 -.5416 -.4128 .2826 .5604 -.0405 -.6641 -.2363 .7803 .6422 -.5441 -1.0000 -.0386 1.1759 .5693 -.8015 -.8525 .0670 .7613 .3848 -.1105 -.6309 -.4556 .4376 .6979 .0462 -.7524 -.4033 .5045 .6889 -.1125 -.8077 -.2645 .7204 .5948 -.5456 -.7961 .2477 .8681
-1.1121 -.4784 .9345 1.2007 .2082 -.3589 .2246 .7875 .0806 -1.4991 -1.6170 -.0282 1.4158 1.1664 .0725 -.3448 -.1915 -.3385 -.5327 -.3328 .0874 .5928 .5458 .2728 -.1776 -.5488 -.5086 -.1017 .3634 .5392 .2787 -.1991 -.4862 -.3532 .1073 .5399 .3621 -.2874 -.5582 -.0242 .6462 .2389 -.7298 -.6567 .4687 1.0235 .0557 -1.1228 -.6591 .7336 .9135 -.1536 -.7497 -.4015 .2283 .6039 .3903 -.4180 -.7742 -.0401 .7719 .4352 -.4063 -.7472 .0161 .7950 .3447 -.6753 -.6617 .4613 .8252 -.0892 -.8768 -.2661
.5019 -.9739 -1.3606 -.2788 .5247 .1104 -.5363 -.0025 1.3333 1.4622 -.0683 -1.5816 -1.2481 .0507 .5912 .4057 .3355 .4252 .2102 -.3039 -.6379 -.4783 -.1381 .3039 .5457 .4070 .0820 -.4431 -.5492 -.1989 .2413 .5401 .3828 -.2087 -.5309 -.3549 .3021 .6100 .0604 -.6048 -.2857 .6235 .6850 -.4289 -.9835 -.0617 1.0343 .7130 -.7675 -.9430 .2082 .8195 .4633 -.3654 -.5680 -.4066 .4128 .7951 .0537 -.6901 -.5099 .4155 .7148 -.0431 -.7274 -.3597 .6266 .6783 -.3708 -.8559 .0363 .8653 .2888 -.7239
.8878 1.3439 .2979 -.7114 -.4244 .3096 .0145 -1.1275 -1.3572 .2575 1.7205 1.3048 -.2031 -.8974 -.5368 -.2452 -.3085 -.0631 .4036 .6372 .4931 -.0601 -.4213 -.5704 -.3447 .1037 .5056 .4750 .1342 -.3204 -.5293 -.2851 .2032 .4921 .3497 -.3158 -.5910 -.0928 .5431 .3413 -.5585 -.6454 .4105 .9447 .0995 -1.0279 -.7235 .7710 1.0190 -.1487 -.9121 -.4522 .3823 .5647 .3550 -.4092 -.7217 -.0650 .7069 .4999 -.4751 -.6790 -.0146 .7730 .4372 -.6299 -.7232 .3189 .8859 .0037 -.8517 -.3880 .7053 .6955
-1.2932 -.2078 .9503 .6986 -.1423 -.1045 .8737 1.1321 -.3313 -1.7451 -1.3856 .3580 1.1543 .6562 .1476 .0685 -.0949 -.4453 -.6123 -.3368 .2068 .4583 .5865 .2535 -.2046 -.5233 -.5317 -.0303 .4312 .5004 .2285 -.2892 -.5524 -.2298 .3374 .5775 .0929 -.5630 -.3698 .5036 .6201 -.3411 -.9626 -.1324 .9955 .7047 -.6871 -1.0992 .1364 .9346 .3770 -.4173 -.6348 -.1919 .3939 .7189 .0427 -.7751 -.4919 .4299 .7430 .0446 -.7689 -.4091 .5299 .7033 -.2480 -.8703 -.0668 .8423 .4350 -.6739 -.6821 .3608
.1287 -1.0983 -.9742 .0279 .2585 -.5658 -.8762 .3722 1.7744 1.2769 -.5313 -1.3461 -.7311 .0356 .1590 .2069 .5134 .5432 .1749 -.3321 -.6098 -.4800 -.1101 .2990 .5440 .4337 -.0618 -.4152 -.5098 -.1717 .3560 .5412 .2311 -.3109 -.6355 -.0835 .5620 .4177 -.3978 -.6303 .2757 .9243 .1277 -.9211 -.6983 .6587 1.1354 -.1689 -.9755 -.3916 .5337 .7114 .1132 -.3858 -.7484 -.0121 .7455 .5104 -.3964 -.7538 .0254 .6911 .4123 -.5412 -.7442 .2949 .8880 .0817 -.8593 -.4310 .6527 .7101 -.3537 -.8823
1.2109 1.0909 -.0403 -.4189 .2441 .6408 -.3837 -1.6968 -1.1748 .6507 1.6353 .7689 -.2620 -.4178 -.3329 -.4575 -.4338 -.0809 .4410 .6562 .3919 .0521 -.4635 -.5646 -.3343 .1479 .5408 .4538 .0251 -.3716 -.5259 -.1744 .3643 .5398 .0551 -.5170 -.4447 .3525 .6097 -.2434 -.8526 -.1429 .9196 .7052 -.6562 -1.1270 .1174 1.0629 .4356 -.5946 -.6945 -.1093 .4315 .6419 -.0011 -.7172 -.4964 .4693 .7286 -.0524 -.7196 -.4515 .5970 .7239 -.2273 -.8557 -.1622 .8444 .4594 -.6370 -.7461 .3509 .8687 .0321
-1.1139 .1031 .7114 .0858 -.4758 .3279 1.5140 1.0539 -.8018 -1.7668 -.7780 .4043 .6846 .4170 .3696 .3128 -.0924 -.5102 -.6117 -.3080 .1197 .5063 .5099 .2804 -.2319 -.5881 -.4113 -.0108 .4626 .5433 .0789 -.4089 -.5324 -.0662 .6105 .4464 -.3489 -.6174 .1552 .8247 .1759 -.9151 -.6867 .5848 1.1058 -.0692 -1.1368 -.4106 .6145 .6875 .0172 -.5493 -.5135 .0053 .7943 .4487 -.5071 -.7459 .0126 .7640 .4076 -.5399 -.6866 .1930 .8713 .0915 -.8603 -.4145 .6598 .7215 -.3557 -.8531 -.0218 .8640
