Proyecto/Data/SUP/PM01SUP0.GRD
DSAA
         301         113
    0.000000E+00    15000.000000
   524400.000000   530000.000000
       -1.892238        1.892238
[rows 33 to 65 of 113, columns 0 to 73 of 301]
.6734 .2025 -.5400 -.3956 .4623 .4648 -.4325 -.6712 .2783 .7001 -.1178 -.7215 -.2727 .6904 .3974 -.5822 -.6172 .5054 .6854 -.2637 -.7584 -.1051 .8244 .4743 -.7006 -.7542 .4837 1.0045 -.1958 -1.0093 -.2740 .9084 .5728 -.6736 -.8191 .3864 1.0696 .0932 -1.1134 -.6396 .7159 .9992 -.0002 -.9400 -.5754 .4503 .6934 .1327 -.5853 -.5088 .3450 .6748 -.0207 -.8113 -.1723 .8503 .3490 -.7079 -.4939 .6434 .5662 -.6637 -.7370 .6149 .9178 -.3958 -.8934 .3610 1.3085 .4043 -.7737 -.2794 1.0402 1.0457
-.3876 .4876 .4674 -.2766 -.5992 .2464 .7679 -.0537 -.7278 -.1174 .6642 .3769 -.5583 -.6151 .4265 .7081 -.2383 -.8286 .0994 .7100 .2987 -.6941 -.6452 .5119 .8721 -.1980 -1.0389 -.0921 .9980 .4831 -.7241 -.7589 .4850 .9053 -.1770 -1.0060 -.2987 1.0005 .7800 -.5661 -1.0842 -.1473 .9652 .7184 -.4097 -.8221 -.1818 .5974 .5947 -.2681 -.7525 -.1298 .8095 .4179 -.7128 -.5347 .5747 .5527 -.5314 -.7037 .4985 .8682 -.3982 -.9221 .2919 .9627 -.1675 -1.2081 -.3930 .8363 .5622 -.8088 -.9109 .3971
-.3097 -.6000 .1020 .6658 -.0158 -.7130 -.1931 .6949 .3135 -.5867 -.4667 .4101 .7749 -.2020 -.7420 -.0124 .8460 .1446 -.6951 -.4288 .5411 .7505 -.2894 -.9369 -.0563 .9727 .3714 -.9200 -.6715 .5563 .9042 -.2842 -.9713 -.0791 .9814 .4991 -.8735 -.9552 .4200 1.1354 .2792 -.8642 -.8405 .2710 .8690 .2937 -.4935 -.6665 .1062 .7347 .2574 -.6396 -.5516 .5514 .6045 -.5121 -.6569 .4064 .8329 -.2882 -.8847 .2162 .9480 -.1486 -1.0689 -.0889 1.0738 .3939 -.9806 -.8296 .5003 .7966 -.4557 -1.3295
.6324 .0431 -.5785 -.2389 .6293 .3495 -.6298 -.4854 .4602 .5951 -.2542 -.8020 -.0636 .7436 .1965 -.7492 -.4151 .6527 .5251 -.3350 -.8247 .0564 .9316 .2975 -.8529 -.6221 .7591 .8567 -.3734 -.9783 -.0123 .9826 .3361 -.8578 -.6660 .6296 1.0678 -.1884 -1.1256 -.4534 .7957 .9260 -.2086 -.8967 -.3427 .4886 .6378 -.0578 -.6901 -.3011 .5733 .6172 -.4861 -.7377 .3820 .8224 -.1883 -.8430 .0724 .8725 -.0460 -1.0027 -.0690 1.0454 .2931 -.9280 -.4318 .9985 .9900 -.2852 -.7791 .4175 1.3306 .6516
-.2376 .5480 .4036 -.5265 -.4749 .4702 .6872 -.2849 -.6811 .0801 .7324 .2766 -.7136 -.3766 .6046 .6350 -.5137 -.6494 .1732 .8033 .1567 -.8378 -.5145 .6982 .7963 -.5058 -.9915 .1631 .9853 .2805 -.9034 -.5223 .6919 .7983 -.4379 -1.0892 -.0017 1.0988 .5698 -.7128 -.9779 .0573 .9552 .4923 -.4950 -.7074 -.0484 .7291 .4317 -.5219 -.7186 .2812 .8667 -.1211 -.8405 .0044 .7666 .0651 -.8890 -.1442 .9708 .2980 -.9369 -.4231 .8891 .5625 -.9171 -1.0516 .2590 .8621 -.1889 -1.2118 -.5748 .6885
-.4297 -.5086 .2919 .6375 -.2714 -.7661 .0833 .6786 .1000 -.6683 -.4035 .6160 .5956 -.4303 -.7305 .2751 .7728 -.0384 -.7181 -.3713 .7329 .6799 -.5186 -.9060 .2252 1.0529 .0623 -.9637 -.4916 .7630 .7248 -.5385 -.9218 .2172 1.0813 .2623 -1.0703 -.7513 .6031 1.0717 .0797 -.9580 -.5875 .4150 .7196 .1479 -.6319 -.5049 .3674 .7154 -.0864 -.8414 -.0324 .7909 .0986 -.7926 -.2327 .8739 .3927 -.8449 -.4781 .8545 .5515 -.8383 -.7518 .6947 1.0313 -.2715 -1.0202 -.1031 1.0103 .4481 -.8588 -1.0461
.6016 -.1350 -.6707 .0818 .7137 .1259 -.7063 -.2616 .6055 .5080 -.4423 -.7763 .2297 .7326 -.0406 -.8413 -.1236 .6463 .5144 -.5600 -.7935 .2815 .9706 .0456 -1.0189 -.3252 .9067 .6741 -.5760 -.8958 .3239 .9665 .0585 -1.0101 -.4737 .9208 .8854 -.4251 -1.0835 -.2348 .8883 .7242 -.3792 -.7895 -.1610 .5963 .5480 -.3430 -.7267 .0165 .8332 .2035 -.8296 -.3147 .7912 .4587 -.6935 -.5639 .6929 .5862 -.7579 -.7210 .6823 .8856 -.4958 -.9848 .2962 1.1586 .3277 -.8171 -.3962 .9451 1.1884 .1711
-.0419 .6378 .1857 -.7088 -.3004 .6836 .4481 -.4552 -.6152 .2560 .8204 -.0151 -.7320 -.1520 .8095 .3574 -.5935 -.5847 .3350 .8745 -.0754 -.9519 -.2761 .9034 .5754 -.7864 -.8147 .3753 .9780 -.0668 -.9667 -.2662 .9054 .6218 -.7415 -1.0196 .3003 1.1019 .3448 -.8511 -.8203 .3188 .8340 .2714 -.5470 -.6525 .2294 .7693 .1660 -.7816 -.4462 .7415 .5082 -.6133 -.5628 .5211 .6281 -.6070 -.7369 .6015 .8898 -.4955 -.9317 .3684 1.0132 -.1867 -1.2252 -.4817 .7439 .4645 -.8876 -1.1834 -.1172 .6726
-.5978 -.3583 .5834 .4377 -.5045 -.6373 .3071 .6406 -.1094 -.7704 -.1940 .7512 .3351 -.6677 -.5772 .5063 .6233 -.1368 -.8734 -.1326 .8794 .5052 -.7723 -.7752 .5937 .9392 -.1928 -1.0000 -.1917 .9360 .4513 -.7688 -.8016 .5386 1.1182 -.0957 -1.1045 -.5312 .7700 .9511 -.1808 -.9127 -.3591 .5122 .6417 -.1055 -.7240 -.2468 .6525 .5218 -.5943 -.6094 .5102 .6522 -.4660 -.7557 .4295 .9074 -.3418 -.9399 .3052 .9642 -.2136 -1.0845 -.0224 1.1522 .5046 -.7552 -.6281 .6861 1.0666 -.0064 -.9219 -.4719
.4960 -.3999 -.6028 .3841 .7172 -.1880 -.6510 -.0553 .7436 .3762 -.6951 -.5341 .4743 .6943 -.3691 -.7022 .0088 .7957 .3512 -.7904 -.6663 .5819 .9005 -.3277 -1.0272 .0046 .9703 .4359 -.8348 -.6453 .6022 .9153 -.2956 -1.1031 -.1452 1.0694 .6509 -.6388 -.9902 .0382 .9107 .4412 -.4540 -.6899 .0120 .7524 .3178 -.6100 -.6394 .4926 .7934 -.3922 -.7899 .2617 .8474 -.1295 -.9118 .1345 .9186 -.1496 -1.0416 .0223 1.0820 .2057 -1.0315 -.5049 .8408 .8506 -.4597 -.9175 .1294 1.1225 .7026 -.2578
.2648 .6685 -.1896 -.7315 -.0373 .7273 .2277 -.6471 -.5079 .5174 .7041 -.3108 -.7172 .1834 .8087 .1125 -.6744 -.5371 .6508 .7791 -.3633 -.9861 .0888 1.0423 .1966 -.9149 -.6188 .6766 .8093 -.4249 -.9518 .0620 1.0714 .3379 -1.0162 -.7733 .5236 1.0645 .0743 -.9435 -.5511 .4576 .7323 .0699 -.6846 -.4477 .4890 .7241 -.2712 -.8524 .1454 .8073 -.0437 -.8128 -.0219 .8581 .0090 -.9780 -.0862 1.0674 .2249 -.9942 -.3603 .9734 .5910 -.8545 -1.0035 .2477 .8382 -.1725 -1.2033 -.8196 .2739 .3156
-.7064 -.0585 .7481 .1802 -.6953 -.3557 .4688 .5905 -.3701 -.7902 .1671 .7402 .0368 -.8466 -.2673 .5665 .6186 -.4566 -.8648 .1715 .9943 .1551 -.9853 -.4454 .8440 .7542 -.4898 -.9428 .2238 .9712 .1474 -1.0114 -.5363 .8759 .9440 -.3869 -1.0954 -.2471 .8981 .7126 -.3815 -.7830 -.1933 .6365 .5340 -.4246 -.7101 .1324 .8474 .0007 -.8477 -.0707 .8169 .1816 -.8630 -.2915 .9653 .3697 -.9230 -.4033 .9078 .4801 -.9181 -.7232 .7272 1.0354 -.1672 -.8828 .0893 1.1307 .7925 -.3982 -.6002 .3226
.2192 -.6522 -.3301 .5944 .5449 -.4005 -.6341 .2389 .8274 .0536 -.7863 -.2461 .7446 .4309 -.5108 -.6340 .2473 .9298 .0082 -.9470 -.3942 .8919 .6453 -.7070 -.8480 .2993 1.0101 .0098 -.9569 -.3340 .8852 .7204 -.6908 -1.0379 .2421 1.0689 .3972 -.8388 -.7958 .3129 .7974 .2426 -.5672 -.5776 .3034 .7570 .0245 -.8676 -.2274 .8559 .3215 -.7554 -.4276 .7449 .5108 -.7666 -.5127 .7856 .5357 -.8769 -.6713 .7894 .8632 -.5788 -1.0292 .1826 1.0109 .1390 -.9684 -.6514 .5824 .8952 -.0149 -.4143
.5751 .5111 -.5154 -.6408 .2774 .6454 -.0030 -.8231 -.2601 .7450 .4004 -.5736 -.5674 .4773 .6727 -.0569 -.9100 -.2135 .8666 .5789 -.7399 -.8058 .5169 .9571 -.1508 -1.0159 -.2452 .9153 .4936 -.7420 -.8471 .5035 1.0830 -.0732 -1.0951 -.5207 .7722 .9021 -.2174 -.8883 -.3171 .5496 .6633 -.2048 -.7822 -.1323 .7577 .4137 -.7296 -.4834 .6349 .5104 -.5975 -.5989 .6228 .6735 -.7281 -.7583 .7182 .8639 -.5672 -.9122 .4541 1.0386 -.1238 -1.1025 -.3814 .8031 .5141 -.7084 -1.1191 -.1875 .4089 -.4780
-.6195 .3139 .6979 -.1010 -.7152 -.1237 .7217 .3682 -.6424 -.5619 .4677 .6704 -.3650 -.7537 -.0913 .7880 .4093 -.7826 -.6904 .5537 .9367 -.3185 -1.0173 -.0200 .9664 .4722 -.8300 -.6556 .5890 .9287 -.2924 -1.1171 -.1224 1.0829 .6490 -.6328 -1.0057 .0874 .9127 .4204 -.4699 -.7096 .0520 .7469 .2704 -.6793 -.5583 .6485 .6361 -.5648 -.6610 .4775 .7748 -.4603 -.8616 .4903 .9032 -.4256 -.9160 .4170 .9500 -.3443 -1.1094 -.0062 1.1062 .4879 -.7296 -.5138 .7142 1.1850 .2299 -.5242 .1523 .9880
-.1559 -.7334 .0005 .7106 .2539 -.5760 -.5372 .5720 .7281 -.3370 -.7308 .1338 .8081 .1768 -.6435 -.5528 .6730 .7952 -.3616 -1.0189 .0959 1.0268 .2217 -.9207 -.6123 .6969 .8011 -.4289 -.9567 .0826 1.1005 .3116 -.9973 -.7672 .5285 1.0407 .0252 -.9093 -.5125 .4562 .7137 .0247 -.7148 -.3461 .6093 .6314 -.4609 -.7866 .3648 .7848 -.2545 -.8106 .2047 .8733 -.2186 -.9305 .2705 .9682 -.2975 -1.0676 .1125 1.1302 .1725 -1.0317 -.5422 .7417 .6853 -.5801 -1.0828 -.1496 .7483 .2207 -.6811 .0121
.7301 .1910 -.6850 -.4341 .5030 .6015 -.4110 -.7845 .1167 .7618 .0537 -.7814 -.2385 .5740 .6486 -.4922 -.8991 .1832 1.0078 .1413 -.9963 -.4071 .8429 .7183 -.5295 -.9508 .2613 .9675 .1028 -1.0452 -.4917 .8977 .8745 -.4479 -1.0682 -.1828 .9341 .6270 -.4303 -.7637 -.1373 .7050 .4810 -.5149 -.7297 .2828 .8769 -.2024 -.8231 .1116 .8058 -.0474 -.9118 .0414 1.0003 -.0752 -1.0514 -.0069 1.0950 .1446 -1.0301 -.2645 .9883 .5990 -.7552 -.8524 .3795 .9105 .0255 -.9854 -.5447 .4260 -.0006 -1.3593
-.3513 .5991 .5094 -.3767 -.6301 .1848 .8547 .0097 -.7915 -.1809 .7105 .3893 -.5676 -.7033 .2460 .9435 -.0272 -.9527 -.3517 .9407 .5789 -.7298 -.8299 .3830 1.0175 -.0615 -.9505 -.2713 .9411 .6595 -.7682 -.9680 .3201 1.0965 .3346 -.8883 -.7243 .3455 .8066 .2166 -.6230 -.5606 .3735 .7378 -.1189 -.8579 -.0239 .8655 .1005 -.8354 -.1851 .8908 .2435 -.9418 -.2396 .9906 .2541 -.9883 -.2535 .9761 .3901 -.9949 -.7352 .6785 .9635 -.2286 -.8578 .0354 1.1082 .7436 -.3101 -.1466 1.0972 1.0434
-.4782 -.6084 .2880 .7109 -.0474 -.8154 -.1566 .7522 .4123 -.6211 -.5506 .4924 .6995 -.0331 -.9067 -.1260 .9156 .5225 -.8182 -.7577 .5818 .9199 -.2334 -1.0183 -.1570 .9544 .4059 -.8204 -.7823 .6188 1.0376 -.1796 -1.0999 -.4327 .8046 .8259 -.3045 -.8488 -.2550 .5712 .6297 -.2972 -.7642 .0080 .8560 .2273 -.8724 -.2769 .7587 .3538 -.7439 -.4193 .8244 .4067 -.9147 -.3875 .9393 .4471 -.9761 -.6356 .8692 .8355 -.5371 -.9807 .1604 .8988 .0562 -1.0296 -.7867 .3642 .4082 -.7275 -.7905 .7866
.6846 -.1625 -.7222 -.1413 .7099 .3661 -.7363 -.5516 .5048 .5939 -.3439 -.7211 -.0385 .8350 .3191 -.8729 -.6576 .6319 .9029 -.4258 -.9660 .0772 1.0026 .3336 -.9140 -.5532 .6727 .8781 -.4452 -1.0974 .0273 1.0870 .5311 -.7411 -.9343 .2355 .8917 .3529 -.5485 -.6961 .1733 .7816 .1625 -.7903 -.4364 .7570 .4918 -.6689 -.5263 .6531 .5899 -.7317 -.6344 .7983 .6527 -.8274 -.7053 .8089 .7655 -.6541 -.8480 .4877 1.0240 -.1058 -.9925 -.2372 .8840 .6874 -.5260 -.7193 .3279 .5841 -.8402 -1.7782
-.0154 .7166 .2625 -.6305 -.4595 .6269 .6455 -.3428 -.7152 .2140 .7927 .0839 -.7398 -.5518 .7530 .7485 -.4535 -.9812 .2482 1.0098 .0917 -.9784 -.4808 .8143 .7266 -.5537 -.9086 .2690 1.1104 .1320 -1.0433 -.6306 .6709 .9999 -.1041 -.9228 -.4227 .5131 .7018 -.0432 -.7633 -.2656 .6883 .5320 -.6242 -.6423 .5792 .6378 -.4856 -.7154 .4950 .7966 -.5593 -.7889 .6326 .7846 -.6230 -.8230 .5744 .9528 -.4318 -1.1167 -.0592 1.0096 .3992 -.7491 -.6116 .6098 1.0000 -.0140 -.4829 .7441 1.6119 .5356
-.6673 -.3544 .5380 .5907 -.4546 -.7914 .2506 .7808 -.0522 -.7422 -.2240 .6458 .6647 -.5587 -.8046 .3322 1.0154 -.0256 -1.0441 -.2605 .9040 .6094 -.6858 -.8637 .4258 .9203 -.0797 -1.1088 -.2942 .9974 .7249 -.5981 -1.0394 -.0143 .9518 .4678 -.4917 -.7447 -.0245 .7557 .3598 -.6123 -.6457 .4927 .8123 -.4101 -.7847 .2965 .8140 -.3027 -.8765 .3852 .8975 -.4725 -.9358 .4775 .9951 -.4341 -1.0701 .1871 1.0961 .2013 -.9531 -.4592 .7106 .6382 -.5757 -1.0946 -.1073 .5117 -.4736 -1.3472 -.2951 1.3900
.4992 -.4591 -.6766 .2671 .8021 -.1054 -.7788 -.1752 .7227 .3170 -.6214 -.6424 .3586 .9116 -.2188 -1.0236 -.2165 1.0119 .4227 -.8083 -.7195 .5699 .9499 -.2658 -.9644 -.0750 1.0412 .4480 -.9115 -.8219 .4985 1.0710 .1202 -.9583 -.5683 .4769 .7982 .0950 -.7038 -.4918 .5153 .7166 -.3063 -.8670 .1752 .8386 -.1207 -.8082 .0781 .9012 -.1099 -.9944 .1821 1.0246 -.2180 -1.0240 .1797 1.0368 -.0106 -1.0384 -.2033 .9698 .5645 -.7103 -.7707 .4263 1.0408 .1039 -.7128 .0750 1.0308 .0791 -1.5223 -1.5561
.3119 .6924 -.0773 -.7996 -.0533 .8342 .3035 -.6663 -.4021 .5182 .7058 -.1831 -.9904 .0211 .9636 .4034 -.9095 -.5863 .7284 .8134 -.4306 -1.0057 .0755 1.0025 .2162 -.9221 -.6020 .8297 .9090 -.4030 -1.0815 -.2071 .9347 .6805 -.4524 -.8069 -.1599 .6608 .5591 -.4285 -.7261 .1534 .8774 .0065 -.8912 -.0469 .8325 .1406 -.9029 -.1297 .9800 .0522 -.9992 .0250 1.0327 -.0170 -1.0748 -.0764 1.0746 .3401 -.9744 -.7643 .6051 .8416 -.2664 -.9295 -.0617 .9173 .2995 -.6924 .0267 1.5273 1.4764 -.1033
-.7378 -.0304 .7760 .2264 -.7867 -.4552 .5427 .5794 -.4301 -.7314 .0900 .8851 .2229 -.9018 -.4824 .8023 .7649 -.6270 -.8969 .2595 1.0270 .0912 -.9901 -.3630 .8186 .7099 -.7113 -.9848 .2734 1.0934 .3047 -.9074 -.7839 .4132 .8399 .1945 -.6610 -.6029 .3304 .7815 -.0225 -.8718 -.2095 .8748 .2990 -.7837 -.3579 .7752 .3741 -.8787 -.3297 .9815 .2473 -1.0522 -.2435 1.0519 .3148 -.9995 -.5566 .8436 .8005 -.4920 -.8440 .2097 .9193 .0896 -1.0166 -.5548 .5126 .0489 -1.4033 -1.2856 .3747 1.4219
.2031 -.6971 -.4358 .6826 .5754 -.4791 -.6576 .3049 .6940 .0289 -.8302 -.4224 .8882 .5636 -.6706 -.9459 .4458 .9591 -.1039 -1.0078 -.2380 .9483 .5335 -.7423 -.7829 .5345 1.0640 -.1546 -1.0874 -.3868 .8518 .8580 -.3410 -.8974 -.2301 .6370 .6631 -.2247 -.8054 -.0976 .7842 .3910 -.7780 -.4923 .6937 .4836 -.6447 -.5520 .7662 .5487 -.8724 -.4821 .9181 .4508 -.9239 -.4715 .9101 .6071 -.7677 -.7981 .4816 .9852 -.1282 -.9618 -.2401 .9401 .6543 -.4957 -.2812 1.0670 1.0293 -.6073 -1.6543 -1.0136
.6303 .5189 -.5396 -.6520 .3857 .7505 -.1134 -.7517 -.0981 .7819 .5273 -.7083 -.7359 .5019 1.0082 -.2330 -.9915 -.0167 .9738 .3964 -.8860 -.6888 .6360 .8414 -.3439 -1.0961 .0336 1.0640 .4928 -.8001 -.9242 .2740 .9596 .2730 -.6103 -.6971 .1628 .7810 .2036 -.7246 -.5060 .6810 .6480 -.5858 -.6535 .5051 .7332 -.5504 -.7657 .6585 .7258 -.7728 -.6624 .8489 .6657 -.8368 -.7649 .6721 .9636 -.3733 -1.0875 -.0715 .8829 .3526 -.8149 -.6399 .5785 .5849 -.6612 -.7816 .8123 1.7701 .9156 -.3342
-.6415 .3784 .7868 -.2633 -.8233 -.0435 .7212 .1911 -.6505 -.6372 .5343 .8818 -.4137 -.9483 .0468 1.0564 .1667 -.9389 -.5548 .7780 .8027 -.5027 -.9112 .1969 1.0714 .1208 -1.0569 -.5915 .7332 .9608 -.1812 -1.0012 -.3562 .6034 .7171 -.1082 -.7827 -.3149 .6830 .5953 -.5203 -.7964 .4087 .7945 -.3127 -.7901 .2833 .8590 -.4274 -.8644 .5724 .8242 -.6433 -.8402 .6174 .8823 -.4963 -.9853 .2195 1.0080 .1725 -.8598 -.3689 .7900 .6934 -.5917 -.8544 .3149 .6278 -.8301 -1.7530 -.7859 .6811 1.1057
-.2342 -.7923 .0699 .8024 .1903 -.6851 -.3362 .6075 .6491 -.4085 -.9200 .2112 .9687 .1522 -1.0918 -.3850 .8471 .6633 -.6333 -.8888 .3739 .9811 -.0536 -1.0142 -.3062 1.0284 .6764 -.6358 -1.0045 .0995 1.0282 .4327 -.6062 -.7243 .0474 .7822 .4023 -.5894 -.6629 .3599 .8607 -.2364 -.8534 .1310 .8153 -.0744 -.9225 .1713 .9918 -.2940 -.9892 .4083 .9722 -.4491 -.9624 .3862 1.0252 -.1181 -1.0623 -.2341 .9501 .5192 -.6969 -.8218 .4535 .9443 -.1336 -.6180 .6415 1.5805 .5487 -1.0051 -1.2866 -.6962
.8156 .1197 -.8258 -.2805 .6722 .4739 -.5030 -.6525 .2240 .9788 .0183 -1.0076 -.2504 .9395 .5922 -.7477 -.7177 .5163 .9694 -.2328 -1.0246 -.1144 .9530 .4527 -.9378 -.7625 .5547 1.0402 -.0216 -1.0188 -.5322 .6045 .7712 -.0048 -.7720 -.4646 .5079 .7184 -.2566 -.8695 .0442 .9103 .0747 -.8443 -.1443 .8869 .1529 -.9856 -.0219 1.0148 -.1397 -1.0132 .2046 1.0407 -.1497 -1.0776 -.0813 1.0518 .3986 -.8570 -.7017 .5227 .8005 -.3511 -.9288 .0869 .7717 -.2945 -1.2923 -.2992 1.2833 1.4591 .5401 -.2991
-.2778 .7347 .4380 -.5800 -.6349 .3574 .6799 -.1318 -.9253 -.1930 .9274 .4022 -.8081 -.7787 .7171 .8106 -.3824 -1.0341 .0402 1.0254 .2738 -.8945 -.5590 .8001 .8767 -.4923 -1.0616 -.0886 1.0039 .6195 -.5950 -.8168 -.0314 .7321 .5273 -.4465 -.7639 .1314 .8603 .1615 -.9045 -.2736 .7839 .3419 -.7629 -.3957 .8969 .2754 -.9987 -.1383 1.0567 .0501 -1.0805 -.0588 1.0436 .2036 -.9748 -.4848 .7971 .7388 -.5006 -.7875 .2902 1.0219 .0290 -.9175 -.0781 .9648 .1202 -1.4454 -1.5272 -.3380 .5753 .8509
-.6487 -.5826 .5192 .6775 -.2396 -.6821 .0354 .8365 .3939 -.8889 -.5809 .7442 .8355 -.5271 -.9496 .1845 1.0121 .1359 -.9871 -.3991 .8348 .6722 -.6485 -.9695 .3914 1.0678 .2037 -.9746 -.6786 .5517 .8877 .0623 -.7201 -.5647 .4012 .7854 -.0031 -.8281 -.2962 .8184 .4508 -.7142 -.5110 .6573 .5730 -.7522 -.5617 .8951 .4647 -.9744 -.3371 .9998 .3069 -.9925 -.3920 .9494 .6417 -.7571 -.8587 .4076 .9376 -.0910 -1.0317 -.2004 .8765 .2953 -.7687 -.1055 1.4412 1.4600 .0792 -.9024 -.9831 -.5432
.6840 -.3660 -.7515 .0941 .7656 .1009 -.7656 -.4996 .7628 .7240 -.5658 -.8933 .2966 1.0886 -.0905 -.9325 -.2553 .9613 .5490 -.7649 -.7956 .4930 1.0016 -.2394 -1.0907 -.2769 .9295 .7477 -.5026 -.9611 -.0903 .7102 .5973 -.3314 -.8157 -.1028 .7902 .4033 -.7186 -.6309 .6325 .6637 -.4937 -.7175 .5129 .7852 -.6780 -.6889 .8038 .5634 -.9023 -.5156 .9308 .5567 -.8418 -.7420 .6032 .9118 -.2647 -.9511 -.0474 .8742 .2601 -.8727 -.4197 .7627 .3032 -1.2104 -1.2580 .2125 1.2375 1.0755 .4191 -.1877
