Proyecto/Data/SUP/PM01SUP0.GRD
DSAA
         301         113
    0.000000E+00    15000.000000
   524400.000000   530000.000000
       -1.892238        1.892238
[rows 66 to 98 of 113, columns 0 to 73 of 301]
.2066 .8050 .0048 -.7371 -.2526 .6232 .5508 -.5892 -.8819 .4333 .9436 -.1710 -1.0801 -.0900 .9128 .4399 -.9080 -.7260 .6370 .8740 -.3363 -1.0019 .0716 1.1129 .3463 -.8663 -.8423 .4412 1.0005 .1492 -.7264 -.6238 .2785 .8197 .1716 -.7314 -.5084 .6060 .7501 -.4755 -.7774 .3094 .7955 -.2929 -.8792 .4284 .8673 -.6040 -.8124 .7403 .7541 -.7658 -.7599 .6903 .8564 -.5069 -.9844 .2050 .9919 .1421 -.8844 -.3736 .9301 .6217 -.6705 -.5511 .8429 .9874 -.5108 -1.5156 -1.1104 -.2327 .4446 .6874
-.7999 -.1571 .7150 .4089 -.5781 -.5708 .4672 .9561 -.2542 -.9682 -.0332 1.0451 .3480 -.9609 -.5278 .7234 .8166 -.4935 -.9182 .2144 1.0159 .0935 -1.0840 -.4555 .8108 .9031 -.3586 -1.0150 -.2133 .7636 .6381 -.2253 -.8180 -.2434 .7002 .5997 -.4981 -.8050 .3043 .8730 -.1652 -.8335 .0731 .9156 -.1205 -1.0061 .3145 .9728 -.4600 -.9013 .5464 .8821 -.5377 -.9166 .3704 1.0240 -.0364 -1.0016 -.3215 .8433 .5366 -.7467 -.7464 .5099 .6624 -.6218 -.8244 .6748 1.6640 1.0667 -.0420 -.7039 -.7845 -.5559
.3176 -.6803 -.4993 .4619 .6327 -.2677 -.9734 .0163 1.0146 .1926 -.9647 -.4908 .8755 .6381 -.5391 -.9275 .4170 1.0067 -.0739 -1.0210 -.2786 .9920 .5843 -.7700 -.9239 .2543 1.0520 .2740 -.7880 -.6818 .1910 .8152 .2989 -.6600 -.6555 .3677 .8379 -.1404 -.9291 -.0129 .8405 .1622 -.8770 -.1643 .9921 .0010 -1.0146 .1780 1.0098 -.3342 -1.0089 .3412 1.0229 -.1908 -1.0696 -.0954 .9900 .3902 -.7842 -.6042 .6146 .7773 -.5242 -.7946 .4627 .8703 -.5371 -1.5951 -.8791 .3944 .9693 .8635 .4016 -.1320
.5674 .5995 -.3504 -.7159 .1489 .8727 .1393 -.9878 -.3540 .8455 .6551 -.7667 -.8381 .4825 .9378 -.2309 -1.0448 -.1432 .9602 .4273 -.8772 -.6871 .7098 .9579 -.1518 -1.0794 -.3508 .7686 .7454 -.1821 -.7923 -.3573 .6192 .7018 -.2744 -.8569 .0083 .9170 .2043 -.8222 -.3281 .7741 .3820 -.8913 -.3205 1.0192 .1231 -1.0629 .0279 1.0630 -.0605 -1.0473 -.0113 1.0232 .2366 -.9457 -.5208 .7387 .7578 -.5081 -.8822 .3930 .9672 -.1650 -.8879 .3049 1.3377 .5511 -.7921 -1.2466 -.8791 -.2184 .3200 .7069
-.6864 .2626 .7400 .0088 -.7835 -.3178 .9624 .5783 -.7656 -.7637 .6074 .9495 -.3324 -.9223 -.0341 1.0859 .2517 -.9029 -.5113 .7857 .8040 -.5977 -1.0229 .0704 1.0545 .4549 -.7479 -.7939 .1864 .7860 .4080 -.5866 -.7270 .1958 .8552 .1405 -.8727 -.3817 .7883 .4711 -.6575 -.5831 .7432 .5974 -.8936 -.4328 .9732 .2879 -1.0216 -.1738 1.0287 .1906 -1.0017 -.3814 .9264 .6365 -.6704 -.8165 .3552 .8837 -.1914 -.9768 .0287 .8357 -.1708 -1.1782 -.3533 1.1267 1.4684 .7993 -.0061 -.5401 -.7477 -.5246
-.0931 -.7622 -.1655 .7325 .4099 -.7998 -.7417 .6044 .8305 -.3890 -1.0419 .1755 .9842 .1494 -1.0087 -.3776 .8359 .6951 -.6650 -.9307 .4207 1.0534 .0048 -1.0053 -.5642 .7338 .8365 -.1569 -.8206 -.4444 .5311 .7573 -.1273 -.8509 -.2586 .8069 .4994 -.7048 -.6159 .5310 .7121 -.5297 -.7673 .6664 .6992 -.8366 -.5490 .9418 .4254 -.9779 -.4445 .9385 .5697 -.8110 -.7673 .5453 .8917 -.2384 -.9468 .0519 1.0098 .0774 -.9209 -.1108 1.1044 .3898 -1.1616 -1.4490 -.5980 .3172 .7759 .7589 .4209 -.2064
.7390 .2576 -.6420 -.5092 .6034 .8779 -.5012 -.9273 .2410 1.0609 -.0005 -1.0042 -.3071 .8669 .6209 -.8196 -.8016 .4982 .9333 -.2423 -1.0498 -.0842 .9917 .6486 -.6804 -.9017 .1053 .8527 .4575 -.4630 -.7862 .0740 .8275 .3527 -.7267 -.6120 .6021 .7581 -.4154 -.7771 .3135 .8762 -.4320 -.9028 .6258 .7833 -.7473 -.6989 .8239 .6609 -.7916 -.6960 .6705 .8459 -.4524 -.9364 .1318 .9502 .1446 -.9391 -.2941 .9058 .3699 -.8778 -.3924 1.0329 1.2453 .1962 -.7493 -.9968 -.7489 -.2679 .3629 .6895
-.4104 .5836 .6212 -.4498 -.8954 .3164 1.0154 -.0089 -1.0177 -.2463 1.0130 .4620 -.7692 -.7238 .6955 .8441 -.3039 -.9955 .1072 1.0973 .2137 -.9772 -.7220 .5724 .9821 -.0612 -.8579 -.4823 .4375 .8079 -.0131 -.8079 -.4310 .6558 .7007 -.4798 -.8377 .2716 .8207 -.1109 -.9197 .1639 .9969 -.3173 -.9530 .5021 .8818 -.6301 -.8110 .6367 .8419 -.5430 -.9552 .3140 1.0138 .0318 -.9576 -.3162 .8823 .4280 -.8715 -.4902 .7608 .4775 -1.0015 -1.1566 .1390 1.1454 1.2204 .6885 .0438 -.5041 -.7391 -.4500
-.4663 -.6590 .2596 .8724 -.0917 -1.0914 -.1552 .9369 .3889 -.9401 -.5920 .6600 .8138 -.4898 -.9995 .2275 1.0274 .0610 -1.0291 -.4125 .8852 .7693 -.4745 -1.0304 .0037 .8648 .5312 -.4406 -.8101 -.0842 .7914 .4869 -.5740 -.7677 .3398 .8887 -.1304 -.8741 -.0470 .8860 .0968 -.9974 .0260 1.0395 -.2455 -.9968 .3726 .9725 -.4250 -.9839 .3358 1.0067 -.1082 -1.0167 -.1823 .8957 .4412 -.7774 -.5937 .7478 .6980 -.6513 -.6880 .7852 1.0807 -.1924 -1.2713 -1.2154 -.4884 .2142 .6623 .7647 .3245 -.2604
.7410 -.1503 -.8596 -.0698 1.0469 .3357 -.8656 -.5768 .8295 .7962 -.5880 -.8954 .2962 1.0465 -.0987 -.9651 -.3189 .9659 .5379 -.8360 -.7855 .4272 1.0637 .1080 -.8982 -.5788 .4215 .8109 .1655 -.7673 -.5213 .4950 .8172 -.2139 -.9091 -.0100 .8890 .2124 -.8099 -.3294 .9359 .2488 -1.0344 -.0778 1.0497 -.0736 -1.0514 .1768 1.0200 -.1141 -1.0105 -.0509 1.0090 .3032 -.8696 -.5745 .7001 .7486 -.6021 -.8098 .5243 .7694 -.5325 -.9616 .2945 1.2948 .9552 .0720 -.6143 -.8459 -.7106 -.2017 .3964 .7037
-.0136 .7941 .2778 -.9291 -.5433 .8400 .7074 -.6374 -.8955 .4397 .9248 -.0840 -1.0343 -.0971 .9987 .4361 -.8868 -.6145 .7148 .9094 -.3210 -1.0968 -.2563 .9018 .6203 -.3782 -.8292 -.1982 .7256 .5868 -.4323 -.8482 .0885 .9083 .1637 -.8743 -.3629 .7426 .4815 -.8043 -.4932 .9322 .3810 -1.0093 -.1893 1.0323 .0890 -1.0379 -.1028 1.0313 .2329 -.9784 -.4917 .8034 .7245 -.5465 -.8554 .3878 .8994 -.3489 -.9144 .3221 .9961 -.2775 -1.3251 -.8530 .3020 1.0436 1.0439 .6437 .0338 -.5551 -.6951 -.3705
-.7840 -.3710 .7915 .6473 -.7429 -.8240 .4206 .9808 -.3037 -1.0187 -.0350 .9974 .2809 -.9780 -.5371 .7117 .8201 -.5901 -1.0067 .2252 1.0187 .3452 -.8584 -.6836 .3645 .8495 .2222 -.6795 -.6708 .3698 .8382 .0366 -.8894 -.3027 .8225 .4895 -.6658 -.6112 .6272 .7058 -.7760 -.6281 .8953 .4636 -.9667 -.3756 1.0072 .3326 -.9633 -.4456 .8680 .6421 -.6893 -.7969 .4032 .9009 -.2224 -.9560 .1681 .9773 -.1010 -.9500 .0889 1.1981 .7328 -.5019 -1.1476 -1.0305 -.4775 .1812 .6669 .6960 .2674 -.3862
.5284 -.6195 -.7959 .5963 .9810 -.2845 -.9973 .1106 1.0534 .2135 -.9024 -.5132 .8915 .6769 -.6141 -.9161 .4473 .9722 -.0742 -1.0111 -.4237 .8677 .8025 -.3528 -.8629 -.2819 .6512 .7178 -.2868 -.8294 -.1319 .8637 .4266 -.7464 -.6120 .5842 .7221 -.4532 -.8175 .5649 .8098 -.7031 -.7183 .8219 .6064 -.8705 -.5496 .8507 .6197 -.7681 -.7418 .5859 .8925 -.2851 -.9717 .0305 .9929 .0888 -.9881 -.1325 .9510 .1035 -1.1279 -.5791 .7107 1.2152 .7941 .0241 -.5271 -.7900 -.6512 -.1136 .4719 .7060
.5219 .8005 -.4030 -1.0143 .1264 .9752 .1453 -1.0562 -.3520 .8450 .6179 -.7544 -.7736 .5204 .9482 -.2076 -1.0490 -.0461 1.0554 .4819 -.7569 -.9165 .2484 .8688 .3312 -.6252 -.7250 .1916 .8518 .2010 -.8029 -.5550 .6497 .7184 -.4778 -.8013 .2848 .8686 -.3231 -.9574 .4797 .9058 -.6200 -.7923 .7009 .7601 -.7303 -.7716 .6255 .8681 -.4255 -.9902 .1206 .9736 .1832 -.9309 -.3105 .9140 .3193 -.9010 -.3272 .9764 .5984 -.7515 -1.2845 -.6268 .3195 .9086 .9932 .5653 -.0398 -.5827 -.7003 -.2197
-.9001 .1839 1.0874 .0120 -1.0237 -.3184 .9710 .4827 -.7812 -.7502 .5700 .9412 -.4116 -1.0050 .0188 1.0659 .1631 -.9467 -.6189 .6402 .9797 -.2123 -.8898 -.3237 .5986 .7528 -.1208 -.8687 -.2801 .7184 .6574 -.5522 -.7911 .3511 .8608 -.1403 -.8898 .0919 1.0095 -.2219 -.9999 .3607 .9466 -.4876 -.9189 .5225 .8975 -.4295 -.9607 .2593 .9991 .0240 -.9420 -.3241 .8702 .4794 -.8391 -.5326 .8291 .5649 -.8292 -.6555 .7488 1.1828 .4090 -.5473 -1.0348 -.9097 -.4175 .2149 .6808 .6489 .1137 -.5453
-.0262 -.9788 -.1962 .9739 .5088 -.8046 -.6808 .7311 .8525 -.3909 -.9834 .2393 .9898 .1429 -.9955 -.3725 .9035 .7036 -.6205 -.9518 .1104 .9653 .4178 -.5799 -.8097 .0598 .8406 .3867 -.6537 -.7068 .4399 .8633 -.2062 -.9060 .0006 .8841 .1276 -.9762 -.0473 1.0512 -.1029 -1.0421 .2449 1.0017 -.2848 -.9915 .2556 1.0034 -.0903 -1.0053 -.1756 .9519 .4654 -.7924 -.6741 .6888 .7433 -.6507 -.7363 .6297 .7573 -.6310 -1.1378 -.2608 .8316 1.1100 .6818 .0207 -.5762 -.7466 -.5747 .0188 .6272 .6865
.9779 .3787 -.9899 -.6176 .7072 .7859 -.6151 -.9011 .2158 1.0059 -.0395 -1.0481 -.2390 .9477 .5548 -.8438 -.7385 .4839 1.0200 .0429 -1.0362 -.4784 .5122 .7782 .0142 -.7988 -.4724 .6075 .7311 -.3041 -.9298 .0600 .9042 .1440 -.8543 -.3091 .8908 .2860 -1.0303 -.1590 1.0400 .0393 -1.0339 .0387 1.0442 -.0375 -1.0190 -.1254 1.0012 .3364 -.8934 -.5987 .6547 .7967 -.5058 -.8459 .4602 .8479 -.4573 -.8808 .4592 1.0936 .1557 -.9280 -1.1074 -.5318 .3063 .8726 .9027 .4908 -.1809 -.6909 -.6234 .0594
-.5414 .8078 .7662 -.5486 -.9308 .3929 1.0140 -.1140 -1.0146 -.1630 1.0194 .3806 -.8283 -.7390 .6918 .8448 -.3797 -1.0602 -.1007 .9436 .5611 -.4910 -.8013 -.0268 .8170 .5224 -.5402 -.7853 .1775 .9441 .0862 -.8791 -.2922 .8202 .4556 -.7786 -.4997 .9306 .4174 -.9864 -.2965 1.0176 .1935 -1.0198 -.2082 .9895 .3092 -.9335 -.4791 .7967 .7068 -.5706 -.8617 .3607 .9382 -.2596 -.9698 .2271 .9783 -.1927 -1.0585 -.1524 .9773 1.0658 .2532 -.5694 -.9423 -.8214 -.2725 .3193 .7270 .5485 -.1785 -.7765
-.6935 -.8604 .5059 .9598 -.1986 -1.0059 .0085 .9552 .3923 -.9352 -.5338 .7724 .8023 -.5480 -.9211 .2950 1.0134 .2296 -.9166 -.6917 .5625 .8204 .1031 -.7751 -.6212 .4335 .8452 -.0768 -.8942 -.2417 .8614 .4334 -.7475 -.5862 .6413 .6735 -.7613 -.6321 .8851 .5212 -.9212 -.4476 .9379 .4469 -.9245 -.4850 .8394 .6502 -.7066 -.8136 .4682 .9295 -.1791 -.9994 .0162 .9862 .0372 -.9640 -.0533 1.0034 .2134 -.9647 -.9890 -.0626 .7883 1.0458 .6198 -.1065 -.6163 -.7783 -.4174 .3095 .7868 .4327
.9559 -.3150 -1.0476 -.0497 1.0508 .1660 -.9855 -.5277 .8339 .6603 -.6878 -.8677 .3529 1.0500 -.1428 -1.0157 -.3393 .9096 .7402 -.4639 -.8704 -.2079 .7375 .6267 -.3768 -.8308 -.0134 .8464 .3815 -.8239 -.5653 .6300 .7013 -.5115 -.7887 .5531 .8040 -.7298 -.7285 .7748 .6672 -.8149 -.6291 .7959 .6683 -.7056 -.7946 .5539 .8913 -.3018 -.9751 .0222 .9760 .1696 -.9372 -.2524 .9376 .2747 -.9638 -.3842 .9145 .9382 -.0802 -.9474 -.9990 -.4182 .3411 .8560 .8317 .2961 -.4176 -.8061 -.3346 .5399
.1272 1.0494 .1620 -.9481 -.3469 .8873 .6233 -.6457 -.8431 .5554 .9464 -.2084 -1.0601 -.0309 .9596 .4070 -.8083 -.8315 .3675 .9593 .1581 -.6700 -.6388 .3198 .8932 .1305 -.8484 -.4885 .7174 .6993 -.5115 -.7876 .3757 .8640 -.3163 -.9282 .5045 .9006 -.5912 -.8277 .6344 .8019 -.6238 -.8453 .5477 .8897 -.3725 -.9641 .1496 .9962 .1213 -.9391 -.3518 .8954 .4825 -.8544 -.5320 .8286 .5995 -.7701 -.8998 .1516 1.0242 .9303 .1947 -.6193 -.9305 -.6444 -.0772 .5500 .7629 .2013 -.6143 -.7321
-1.0281 -.3186 .9256 .5869 -.8550 -.7082 .5798 .9408 -.4050 -.9575 .0809 1.0238 .2442 -.9810 -.4811 .7524 .9080 -.3238 -.9676 -.2172 .6566 .7493 -.2825 -.8953 -.2403 .7537 .5732 -.5652 -.8094 .4081 .8442 -.2048 -.9121 .0926 .9715 -.2355 -1.0082 .3750 .9492 -.4165 -.9418 .4243 .9454 -.3412 -.9554 .1716 1.0135 .0385 -.9767 -.3193 .8850 .5412 -.7792 -.6724 .6659 .7213 -.6391 -.7433 .6161 .8980 -.1890 -1.0573 -.8388 .0326 .8013 .9577 .4904 -.2509 -.7963 -.7026 -.0808 .7153 .6906 -.1605
.4994 -.8487 -.7325 .6432 .7991 -.4174 -1.0110 .1324 1.0327 .0474 -1.0165 -.4181 .9307 .5902 -.6191 -.9537 .1968 1.0037 .3262 -.7068 -.7179 .1603 .8342 .3331 -.7221 -.6362 .4987 .8641 -.2779 -.9011 .0223 .9180 .0979 -.9449 -.0560 1.0518 -.1176 -1.0352 .1719 1.0122 -.1887 -1.0009 .1158 1.0136 .0209 -1.0005 -.2463 .9205 .4860 -.7859 -.6785 .6080 .8114 -.4835 -.8610 .4468 .8885 -.4143 -.9819 .1182 1.0531 .7726 -.2232 -.9371 -.9278 -.2617 .4932 .8572 .6495 -.0626 -.7753 -.6019 .2660 .8219
.7175 .8355 -.4836 -.9225 .3628 1.0056 .0233 -1.0174 -.1591 .9204 .5661 -.7973 -.7469 .5495 .9391 -.1213 -1.0186 -.3764 .6778 .7214 -.0722 -.8824 -.3295 .6982 .7127 -.3587 -.9126 .0691 .9532 .1323 -.8674 -.2803 .8855 .3286 -1.0016 -.1638 1.0475 .0837 -1.0135 -.0612 1.0201 .1069 -1.0033 -.2387 .9318 .4526 -.8429 -.6341 .6541 .8241 -.4357 -.9286 .2760 .9602 -.1638 -.9823 .1270 1.0049 .0306 -.9772 -.6941 .3676 1.0090 .8277 .0331 -.6980 -.8969 -.4381 .3575 .7917 .5144 -.4031 -.8378 -.2073
-.9347 .3375 1.0101 -.1472 -1.0005 -.2405 1.0157 .4032 -.9009 -.6714 .7044 .8684 -.4664 -.9289 -.0159 1.0455 .4945 -.6703 -.7928 .0890 .8396 .4214 -.5970 -.8306 .2410 .8997 .0522 -.9190 -.2543 .7988 .4581 -.7988 -.5410 .8540 .4457 -.9909 -.3394 .9726 .3095 -.9789 -.3379 .9324 .4551 -.8507 -.6057 .7204 .7734 -.4905 -.9248 .2358 .9660 -.0148 -.9787 -.1232 .9652 .1384 -.9687 -.2012 .9444 .6435 -.4855 -1.0653 -.6755 .2203 .8820 .8550 .2061 -.5690 -.8651 -.3959 .5369 .8083 .1028 -.7724
-.1534 -1.0368 -.0894 .9804 .3011 -.9092 -.5733 .7696 .7051 -.5168 -.9856 .2868 .9805 .1148 -.9897 -.5700 .6166 .8180 -.0429 -.7879 -.5454 .5796 .7950 -.1660 -.8581 -.1882 .9017 .4447 -.7761 -.6083 .6566 .6996 -.6618 -.6923 .8531 .5838 -.8682 -.5453 .8584 .5598 -.8215 -.6347 .7278 .7481 -.5527 -.9063 .3248 .9666 -.0379 -.9723 -.2063 .9426 .3558 -.8821 -.4177 .9018 .4531 -.8817 -.6953 .4865 1.0857 .5261 -.4399 -1.0062 -.7408 .0440 .7635 .8232 .1455 -.6570 -.7758 .0299 .8320 .5011
1.0218 .2789 -.9409 -.4234 .8206 .7998 -.6839 -.8230 .4436 1.0493 -.1486 -.9912 -.1806 .8788 .6754 -.6110 -.8873 .0288 .7972 .5478 -.5089 -.7945 .0487 .9388 .3148 -.8417 -.5790 .6573 .6925 -.4581 -.8166 .4716 .8610 -.6155 -.8001 .7078 .7468 -.6926 -.7440 .6747 .7879 -.5608 -.8798 .3798 .9663 -.1455 -.9712 -.1522 .9512 .4047 -.8418 -.5883 .7455 .6793 -.7248 -.6896 .7027 .7707 -.4389 -1.0300 -.3496 .6341 1.0297 .5311 -.3312 -.9036 -.6959 .1103 .8050 .6977 -.2045 -.8666 -.3921 .6801
-.4467 .8648 .6122 -.7101 -.8752 .4782 .9027 -.2594 -1.0203 -.1027 1.0241 .3286 -.8357 -.7537 .5620 .9386 .0595 -.7866 -.5916 .4154 .8874 -.0066 -.8938 -.4160 .6767 .6888 -.5555 -.7992 .3569 .8913 -.2789 -.9514 .3191 .9597 -.5031 -.9030 .4853 .8902 -.4716 -.9187 .3638 .9627 -.1934 -.9831 -.0461 .9842 .3091 -.8869 -.5690 .7162 .7453 -.5797 -.8259 .4792 .8555 -.4866 -.8838 .3727 1.0145 .2427 -.8190 -1.0119 -.2851 .6267 .9798 .5088 -.3784 -.8997 -.5250 .4217 .8904 .2426 -.7775 -.6863
-.7478 -.7799 .5652 .8902 -.2977 -1.0410 .1475 .9968 .2052 -1.0092 -.4279 .7401 .7687 -.4096 -1.0076 -.1083 .7882 .5798 -.3604 -.8782 -.0717 .8016 .5408 -.6572 -.7493 .4844 .8787 -.1965 -.9067 .0031 .9827 -.0357 -1.0249 .2365 1.0126 -.2478 -.9831 .2363 .9923 -.1576 -.9916 -.0069 .9864 .2257 -.9474 -.4612 .7783 .7082 -.5972 -.8486 .4044 .9337 -.2509 -.9695 .2334 .9863 -.1692 -1.0144 -.2500 .8763 .9148 .0586 -.8281 -.9305 -.2596 .6200 .8975 .2987 -.6153 -.8541 -.0552 .8529 .5699 -.6111
.8784 -.3937 -.9380 .1477 1.0968 .0841 -.9432 -.3857 .9356 .6694 -.6894 -.8343 .3263 1.0509 .1319 -.7814 -.6408 .3192 .9001 .1723 -.8182 -.5718 .5994 .8025 -.2677 -.9605 .0254 .9051 .1563 -.9386 -.1674 .9950 .0781 -1.0620 .0118 1.0103 .0132 -1.0105 -.0646 .9947 .2143 -.9559 -.4032 .8548 .6161 -.6817 -.8007 .4700 .9214 -.2165 -.9855 .0323 .9788 .0622 -.9951 -.0958 .9888 .2902 -.8642 -.8078 .1857 .9720 .7866 -.0478 -.8340 -.8216 -.0431 .7852 .7604 -.1687 -.9077 -.4209 .7249 .7759
.2159 1.0019 .0157 -1.0403 -.3325 .9242 .4524 -.8115 -.7738 .5830 .8225 -.1759 -1.0197 -.2772 .8103 .7087 -.2761 -.8525 -.2746 .7652 .6239 -.4531 -.9104 .1487 .9474 .0500 -.8641 -.3064 .8573 .4404 -.9346 -.3983 1.0188 .2353 -.9881 -.2668 .9746 .2944 -.9481 -.4131 .8639 .5728 -.7377 -.7454 .5675 .8766 -.3000 -.9861 .0426 .9844 .1631 -.9470 -.3075 .9436 .3359 -.9331 -.4256 .8306 .8079 -.3322 -1.0371 -.6545 .3095 .9647 .6941 -.2040 -.8895 -.6083 .3761 .9192 .2597 -.8152 -.6751 .5452
-.9992 -.2126 .9467 .5042 -.8890 -.5850 .6665 .9223 -.4718 -.9576 .1048 1.0103 .3468 -.8199 -.7032 .2013 .8374 .3364 -.7400 -.6807 .3889 .9119 -.0654 -.8891 -.2386 .8940 .4882 -.7671 -.6176 .7776 .5862 -.8484 -.4879 .9236 .4885 -.8702 -.5130 .8461 .5954 -.7447 -.7240 .6100 .8505 -.4106 -.9513 .1346 .9971 .1139 -.9412 -.3527 .8878 .5135 -.8173 -.5839 .8059 .6365 -.7301 -.8306 .3503 1.0097 .4808 -.5420 -.9698 -.4824 .4617 .9214 .4056 -.5776 -.8901 -.0619 .8936 .5446 -.6703 -.8125
.3940 -.8702 -.6194 .7777 .7924 -.5264 -.9342 .2916 1.0063 .0422 -.8931 -.5016 .7687 .8131 -.1881 -.8709 -.3690 .6566 .7748 -.2878 -.9157 -.0913 .9286 .3870 -.8475 -.5617 .5887 .7221 -.5859 -.7888 .6951 .7568 -.8138 -.6830 .7198 .7109 -.7027 -.7555 .5982 .8479 -.4353 -.9358 .2233 .9927 .0239 -.9660 -.2851 .9056 .5174 -.7913 -.6723 .6555 .7682 -.6218 -.7974 .5631 .8712 -.3069 -1.0147 -.3307 .7335 .9566 .2681 -.7036 -.9135 -.1983 .7460 .8129 -.1381 -.9375 -.4065 .7713 .7343 -.4717
