Proyecto/Data/BAT/arbat.grd
DSAA
96 67
0 950
0 660
-5 0
[rows 0 to 31 of 67, columns 0 to 70 of 96]
0.000 0.000 0.000 0.000 0.000 0.000 0.000 0.000 0.000 0.000 0.000 0.000 0.000 0.000 0.000 0.000 0.000 0.000 0.000 0.000 0.000 0.000 0.000 0.000 0.000 -0.000 -0.000 -0.000 -0.000 -0.000 -0.000 -0.000 -0.000 -0.000 -0.000 -0.000 -0.000 -0.000 -0.000 -0.000 -0.000 -0.000 -0.000 -0.000 -0.000 -0.000 -0.000 -0.000 -0.000 -0.000 -0.000 -0.000 -0.000 -0.000 -0.000 -0.000 -0.000 -0.000 -0.000 -0.000 -0.000 -0.000 -0.000 -0.000 -0.000 -0.000 -0.000 -0.000 -0.000 -0.000 -0.000
0.000 0.000 0.000 0.000 0.000 0.000 0.000 0.000 0.000 0.000 0.000 0.000 0.000 0.000 0.000 0.000 0.000 0.000 0.000 0.000 0.000 0.000 0.000 -0.000 -0.000 -0.000 -0.000 -0.000 -0.000 -0.000 -0.000 -0.000 -0.000 -0.000 -0.000 -0.000 -0.000 -0.037 -0.094 -0.144 -0.189 -0.228 -0.262 -0.290 -0.312 -0.329 -0.340 -0.346 -0.346 -0.340 -0.329 -0.312 -0.290 -0.262 -0.228 -0.189 -0.144 -0.094 -0.037 -0.000 -0.000 -0.000 -0.000 -0.000 -0.000 -0.000 -0.000 -0.000 -0.000 -0.000 -0.000
0.000 0.000 0.000 0.000 0.000 0.000 0.000 0.000 0.000 0.000 0.000 0.000 0.000 0.000 0.000 0.000 0.000 0.000 0.000 0.000 0.000 -0.000 -0.000 -0.000 -0.000 -0.000 -0.000 -0.000 -0.000 -0.000 -0.000 -0.000 -0.010 -0.094 -0.172 -0.245 -0.313 -0.374 -0.431 -0.481 -0.526 -0.565 -0.599 -0.627 -0.649 -0.666 -0.677 -0.683 -0.683 -0.677 -0.666 -0.649 -0.627 -0.599 -0.565 -0.526 -0.481 -0.431 -0.374 -0.313 -0.245 -0.172 -0.094 -0.010 -0.000 -0.000 -0.000 -0.000 -0.000 -0.000 -0.000
0.000 0.000 0.000 0.000 0.000 0.000 0.000 0.000 0.000 0.000 0.000 0.000 0.000 0.000 0.000 0.000 0.000 0.000 0.000 -0.000 -0.000 -0.000 -0.000 -0.000 -0.000 -0.000 -0.000 -0.000 -0.000 -0.051 -0.152 -0.247 -0.337 -0.421 -0.500 -0.573 -0.640 -0.702 -0.758 -0.808 -0.853 -0.892 -0.926 -0.954 -0.977 -0.993 -1.005 -1.010 -1.010 -1.005 -0.993 -0.977 -0.954 -0.926 -0.892 -0.853 -0.808 -0.758 -0.702 -0.640 -0.573 -0.500 -0.421 -0.337 -0.247 -0.152 -0.051 -0.000 -0.000 -0.000 -0.000
0.000 0.000 0.000 0.000 0.000 0.000 0.000 0.000 0.000 0.000 0.000 0.000 0.000 0.000 0.000 0.000 0.000 -0.000 -0.000 -0.000 -0.000 -0.000 -0.000 -0.000 -0.000 -0.000 -0.032 -0.149 -0.262 -0.368 -0.469 -0.565 -0.654 -0.739 -0.817 -0.890 -0.957 -1.019 -1.075 -1.126 -1.171 -1.210 -1.244 -1.272 -1.294 -1.311 -1.322 -1.328 -1.328 -1.322 -1.311 -1.294 -1.272 -1.244 -1.210 -1.171 -1.126 -1.075 -1.019 -0.957 -0.890 -0.817 -0.739 -0.654 -0.565 -0.469 -0.368 -0.262 -0.149 -0.032 -0.000
0.000 0.000 0.000 0.000 0.000 0.000 0.000 0.000 0.000 0.000 0.000 0.000 0.000 0.000 0.000 -0.000 -0.000 -0.000 -0.000 -0.000 -0.000 -0.000 -0.000 -0.000 -0.087 -0.216 -0.339 -0.457 -0.569 -0.676 -0.777 -0.872 -0.962 -1.046 -1.125 -1.198 -1.265 -1.327 -1.383 -1.433 -1.478 -1.518 -1.551 -1.579 -1.602 -1.619 -1.630 -1.635 -1.635 -1.630 -1.619 -1.602 -1.579 -1.551 -1.518 -1.478 -1.433 -1.383 -1.327 -1.265 -1.198 -1.125 -1.046 -0.962 -0.872 -0.777 -0.676 -0.569 -0.457 -0.339 -0.216
0.000 0.000 0.000 0.000 0.000 0.000 0.000 0.000 0.000 0.000 0.000 0.000 0.000 0.000 -0.000 -0.000 -0.000 -0.000 -0.000 -0.000 -0.000 -0.000 -0.110 -0.250 -0.385 -0.514 -0.637 -0.755 -0.867 -0.974 -1.075 -1.170 -1.260 -1.344 -1.423 -1.496 -1.563 -1.625 -1.681 -1.731 -1.776 -1.815 -1.849 -1.877 -1.900 -1.916 -1.928 -1.933 -1.933 -1.928 -1.916 -1.900 -1.877 -1.849 -1.815 -1.776 -1.731 -1.681 -1.625 -1.563 -1.496 -1.423 -1.344 -1.260 -1.170 -1.075 -0.974 -0.867 -0.755 -0.637 -0.514
0.000 0.000 0.000 0.000 0.000 0.000 0.000 0.000 0.000 0.000 0.000 0.000 -0.000 -0.000 -0.000 -0.000 -0.000 -0.000 -0.000 -0.000 -0.101 -0.252 -0.398 -0.538 -0.673 -0.802 -0.925 -1.043 -1.155 -1.262 -1.363 -1.458 -1.548 -1.632 -1.711 -1.784 -1.851 -1.913 -1.969 -2.019 -2.064 -2.103 -2.137 -2.165 -2.188 -2.204 -2.216 -2.221 -2.221 -2.216 -2.204 -2.188 -2.165 -2.137 -2.103 -2.064 -2.019 -1.969 -1.913 -1.851 -1.784 -1.711 -1.632 -1.548 -1.458 -1.363 -1.262 -1.155 -1.043 -0.925 -0.802
0.000 0.000 0.000 0.000 0.000 0.000 0.000 0.000 0.000 0.000 0.000 -0.000 -0.000 -0.000 -0.000 -0.000 -0.000 -0.000 -0.059 -0.222 -0.379 -0.530 -0.676 -0.817 -0.951 -1.080 -1.204 -1.321 -1.434 -1.540 -1.641 -1.737 -1.827 -1.911 -1.989 -2.062 -2.129 -2.191 -2.247 -2.298 -2.343 -2.382 -2.416 -2.444 -2.466 -2.483 -2.494 -2.500 -2.500 -2.494 -2.483 -2.466 -2.444 -2.416 -2.382 -2.343 -2.298 -2.247 -2.191 -2.129 -2.062 -1.989 -1.911 -1.827 -1.737 -1.641 -1.540 -1.434 -1.321 -1.204 -1.080
0.000 0.000 0.000 0.000 0.000 0.000 0.000 0.000 0.000 0.000 -0.000 -0.000 -0.000 -0.000 -0.000 -0.000 -0.000 -0.160 -0.328 -0.490 -0.648 -0.799 -0.945 -1.085 -1.220 -1.349 -1.472 -1.590 -1.702 -1.809 -1.910 -2.005 -2.095 -2.179 -2.258 -2.331 -2.398 -2.460 -2.516 -2.566 -2.611 -2.651 -2.684 -2.712 -2.735 -2.752 -2.763 -2.768 -2.768 -2.763 -2.752 -2.735 -2.712 -2.684 -2.651 -2.611 -2.566 -2.516 -2.460 -2.398 -2.331 -2.258 -2.179 -2.095 -2.005 -1.910 -1.809 -1.702 -1.590 -1.472 -1.349
0.000 0.000 0.000 0.000 0.000 0.000 0.000 0.000 -0.000 -0.000 -0.000 -0.000 -0.000 -0.000 -0.000 -0.065 -0.244 -0.418 -0.587 -0.749 -0.906 -1.058 -1.204 -1.344 -1.479 -1.608 -1.731 -1.849 -1.961 -2.068 -2.169 -2.264 -2.354 -2.438 -2.517 -2.590 -2.657 -2.719 -2.775 -2.825 -2.870 -2.909 -2.943 -2.971 -2.994 -3.010 -3.022 -3.027 -3.027 -3.022 -3.010 -2.994 -2.971 -2.943 -2.909 -2.870 -2.825 -2.775 -2.719 -2.657 -2.590 -2.517 -2.438 -2.354 -2.264 -2.169 -2.068 -1.961 -1.849 -1.731 -1.608
0.000 0.000 0.000 0.000 0.000 0.000 0.000 -0.000 -0.000 -0.000 -0.000 -0.000 -0.000 -0.000 -0.129 -0.314 -0.493 -0.667 -0.836 -0.998 -1.156 -1.307 -1.453 -1.593 -1.728 -1.857 -1.980 -2.098 -2.210 -2.317 -2.418 -2.513 -2.603 -2.687 -2.766 -2.839 -2.906 -2.968 -3.024 -3.074 -3.119 -3.158 -3.192 -3.220 -3.243 -3.259 -3.271 -3.276 -3.276 -3.271 -3.259 -3.243 -3.220 -3.192 -3.158 -3.119 -3.074 -3.024 -2.968 -2.906 -2.839 -2.766 -2.687 -2.603 -2.513 -2.418 -2.317 -2.210 -2.098 -1.980 -1.857
0.000 0.000 0.000 0.000 0.000 0.000 -0.000 -0.000 -0.000 -0.000 -0.000 -0.000 -0.000 -0.177 -0.368 -0.553 -0.733 -0.907 -1.075 -1.238 -1.395 -1.546 -1.692 -1.832 -1.967 -2.096 -2.220 -2.337 -2.450 -2.556 -2.657 -2.752 -2.842 -2.926 -3.005 -3.078 -3.145 -3.207 -3.263 -3.313 -3.358 -3.398 -3.431 -3.459 -3.482 -3.499 -3.510 -3.516 -3.516 -3.510 -3.499 -3.482 -3.459 -3.431 -3.398 -3.358 -3.313 -3.263 -3.207 -3.145 -3.078 -3.005 -2.926 -2.842 -2.752 -2.657 -2.556 -2.450 -2.337 -2.220 -2.096
0.000 0.000 0.000 0.000 0.000 0.000 -0.000 -0.000 -0.000 -0.000 -0.000 -0.009 -0.210 -0.407 -0.598 -0.783 -0.962 -1.136 -1.305 -1.467 -1.624 -1.776 -1.922 -2.062 -2.197 -2.326 -2.449 -2.567 -2.679 -2.786 -2.887 -2.982 -3.072 -3.156 -3.235 -3.307 -3.375 -3.436 -3.493 -3.543 -3.588 -3.627 -3.661 -3.689 -3.711 -3.728 -3.739 -3.745 -3.745 -3.739 -3.728 -3.711 -3.689 -3.661 -3.627 -3.588 -3.543 -3.493 -3.436 -3.375 -3.307 -3.235 -3.156 -3.072 -2.982 -2.887 -2.786 -2.679 -2.567 -2.449 -2.326
0.000 0.000 0.000 0.000 0.000 -0.000 -0.000 -0.000 -0.000 -0.000 -0.021 -0.228 -0.430 -0.627 -0.817 -1.002 -1.182 -1.356 -1.524 -1.687 -1.844 -1.996 -2.141 -2.282 -2.416 -2.545 -2.669 -2.787 -2.899 -3.005 -3.106 -3.202 -3.292 -3.376 -3.454 -3.527 -3.595 -3.656 -3.712 -3.763 -3.808 -3.847 -3.881 -3.909 -3.931 -3.948 -3.959 -3.965 -3.965 -3.959 -3.948 -3.931 -3.909 -3.881 -3.847 -3.808 -3.763 -3.712 -3.656 -3.595 -3.527 -3.454 -3.376 -3.292 -3.202 -3.106 -3.005 -2.899 -2.787 -2.669 -2.545
0.000 0.000 0.000 0.000 -0.000 -0.000 -0.000 -0.000 -0.000 -0.018 -0.231 -0.438 -0.640 -0.837 -1.027 -1.212 -1.392 -1.566 -1.734 -1.897 -2.054 -2.205 -2.351 -2.492 -2.626 -2.755 -2.879 -2.997 -3.109 -3.215 -3.316 -3.412 -3.502 -3.586 -3.664 -3.737 -3.805 -3.866 -3.922 -3.973 -4.018 -4.057 -4.091 -4.119 -4.141 -4.158 -4.169 -4.175 -4.175 -4.169 -4.158 -4.141 -4.119 -4.091 -4.057 -4.018 -3.973 -3.922 -3.866 -3.805 -3.737 -3.664 -3.586 -3.502 -3.412 -3.316 -3.215 -3.109 -2.997 -2.879 -2.755
0.000 0.000 0.000 -0.000 -0.000 -0.000 -0.000 -0.000 -0.000 -0.218 -0.431 -0.638 -0.841 -1.037 -1.228 -1.413 -1.592 -1.766 -1.935 -2.097 -2.254 -2.406 -2.552 -2.692 -2.826 -2.956 -3.079 -3.197 -3.309 -3.416 -3.517 -3.612 -3.702 -3.786 -3.864 -3.937 -4.005 -4.066 -4.122 -4.173 -4.218 -4.257 -4.291 -4.319 -4.341 -4.358 -4.369 -4.375 -4.375 -4.369 -4.358 -4.341 -4.319 -4.291 -4.257 -4.218 -4.173 -4.122 -4.066 -4.005 -3.937 -3.864 -3.786 -3.702 -3.612 -3.517 -3.416 -3.309 -3.197 -3.079 -2.956
0.000 0.000 -0.000 -0.000 -0.000 -0.000 -0.000 -0.000 -0.189 -0.408 -0.621 -0.829 -1.031 -1.227 -1.418 -1.603 -1.783 -1.957 -2.125 -2.288 -2.445 -2.596 -2.742 -2.882 -3.017 -3.146 -3.269 -3.387 -3.500 -3.606 -3.707 -3.802 -3.892 -3.976 -4.055 -4.128 -4.195 -4.257 -4.313 -4.364 -4.408 -4.448 -4.481 -4.509 -4.532 -4.549 -4.560 -4.565 -4.565 -4.560 -4.549 -4.532 -4.509 -4.481 -4.448 -4.408 -4.364 -4.313 -4.257 -4.195 -4.128 -4.055 -3.976 -3.892 -3.802 -3.707 -3.606 -3.500 -3.387 -3.269 -3.146
0.000 0.000 -0.000 -0.000 -0.000 -0.000 -0.000 -0.146 -0.370 -0.589 -0.802 -1.010 -1.212 -1.408 -1.599 -1.784 -1.963 -2.137 -2.306 -2.468 -2.625 -2.777 -2.923 -3.063 -3.198 -3.327 -3.450 -3.568 -3.680 -3.787 -3.888 -3.983 -4.073 -4.157 -4.236 -4.309 -4.376 -4.438 -4.494 -4.544 -4.589 -4.628 -4.662 -4.690 -4.713 -4.729 -4.740 -4.746 -4.746 -4.740 -4.729 -4.713 -4.690 -4.662 -4.628 -4.589 -4.544 -4.494 -4.438 -4.376 -4.309 -4.236 -4.157 -4.073 -3.983 -3.888 -3.787 -3.680 -3.568 -3.450 -3.327
0.000 -0.000 -0.000 -0.000 -0.000 -0.000 -0.087 -0.317 -0.541 -0.760 -0.973 -1.181 -1.383 -1.579 -1.770 -1.955 -2.134 -2.308 -2.477 -2.639 -2.796 -2.948 -3.094 -3.234 -3.369 -3.498 -3.621 -3.739 -3.851 -3.958 -4.059 -4.154 -4.244 -4.328 -4.407 -4.479 -4.547 -4.609 -4.665 -4.715 -4.755 -4.778 -4.799 -4.817 -4.834 -4.850 -4.866 -4.881 -4.881 -4.866 -4.850 -4.834 -4.817 -4.799 -4.778 -4.755 -4.715 -4.665 -4.609 -4.547 -4.479 -4.407 -4.328 -4.244 -4.154 -4.059 -3.958 -3.851 -3.739 -3.621 -3.498
0.000 -0.000 -0.000 -0.000 -0.000 -0.012 -0.248 -0.478 -0.702 -0.921 -1.134 -1.342 -1.544 -1.740 -1.931 -2.116 -2.296 -2.469 -2.638 -2.800 -2.958 -3.109 -3.255 -3.395 -3.530 -3.659 -3.782 -3.900 -4.012 -4.119 -4.220 -4.315 -4.405 -4.489 -4.568 -4.641 -4.708 -4.760 -4.793 -4.824 -4.852 -4.878 -4.902 -4.903 -4.902 -4.907 -4.918 -4.936 -4.936 -4.918 -4.907 -4.902 -4.903 -4.902 -4.878 -4.852 -4.824 -4.793 -4.760 -4.708 -4.641 -4.568 -4.489 -4.405 -4.315 -4.220 -4.119 -4.012 -3.900 -3.782 -3.659
-0.000 -0.000 -0.000 -0.000 -0.000 -0.164 -0.399 -0.629 -0.854 -1.072 -1.286 -1.493 -1.695 -1.892 -2.082 -2.267 -2.447 -2.621 -2.789 -2.952 -3.109 -3.260 -3.406 -3.547 -3.681 -3.810 -3.934 -4.051 -4.164 -4.270 -4.371 -4.467 -4.556 -4.641 -4.719 -4.773 -4.814 -4.852 -4.888 -4.895 -4.883 -4.873 -4.867 -4.865 -4.868 -4.877 -4.894 -4.918 -4.918 -4.894 -4.877 -4.868 -4.865 -4.867 -4.873 -4.883 -4.895 -4.888 -4.852 -4.814 -4.773 -4.719 -4.641 -4.556 -4.467 -4.371 -4.270 -4.164 -4.051 -3.934 -3.810
-0.000 -0.000 -0.000 -0.000 -0.064 -0.305 -0.541 -0.771 -0.995 -1.214 -1.427 -1.635 -1.837 -2.033 -2.224 -2.409 -2.588 -2.762 -2.931 -3.094 -3.251 -3.402 -3.548 -3.688 -3.823 -3.952 -4.075 -4.193 -4.305 -4.412 -4.513 -4.608 -4.698 -4.768 -4.814 -4.860 -4.903 -4.884 -4.870 -4.858 -4.850 -4.844 -4.841 -4.842 -4.847 -4.859 -4.879 -4.907 -4.907 -4.879 -4.859 -4.847 -4.842 -4.841 -4.844 -4.850 -4.858 -4.870 -4.884 -4.903 -4.860 -4.814 -4.768 -4.698 -4.608 -4.513 -4.412 -4.305 -4.193 -4.075 -3.952
-0.000 -0.000 -0.000 -0.000 -0.196 -0.437 -0.673 -0.903 -1.127 -1.346 -1.559 -1.767 -1.969 -2.165 -2.356 -2.541 -2.720 -2.894 -3.063 -3.225 -3.382 -3.534 -3.680 -3.820 -3.955 -4.084 -4.207 -4.325 -4.437 -4.544 -4.645 -4.740 -4.796 -4.847 -4.898 -4.883 -4.866 -4.852 -4.842 -4.834 -4.829 -4.826 -4.825 -4.827 -4.835 -4.848 -4.870 -4.900 -4.900 -4.870 -4.848 -4.835 -4.827 -4.825 -4.826 -4.829 -4.834 -4.842 -4.852 -4.866 -4.883 -4.898 -4.847 -4.796 -4.740 -4.645 -4.544 -4.437 -4.325 -4.207 -4.084
-0.000 -0.000 -0.000 -0.071 -0.318 -0.559 -0.795 -1.025 -1.249 -1.468 -1.681 -1.889 -2.091 -2.287 -2.478 -2.663 -2.842 -3.016 -3.185 -3.347 -3.505 -3.656 -3.802 -3.942 -4.077 -4.206 -4.329 -4.447 -4.559 -4.666 -4.758 -4.815 -4.872 -4.892 -4.870 -4.854 -4.841 -4.831 -4.824 -4.819 -4.816 -4.815 -4.815 -4.819 -4.827 -4.842 -4.865 -4.896 -4.896 -4.865 -4.842 -4.827 -4.819 -4.815 -4.815 -4.816 -4.819 -4.824 -4.831 -4.841 -4.854 -4.870 -4.892 -4.872 -4.815 -4.758 -4.666 -4.559 -4.447 -4.329 -4.206
-0.000 -0.000 -0.000 -0.183 -0.430 -0.671 -0.907 -1.137 -1.361 -1.580 -1.794 -2.001 -2.203 -2.399 -2.590 -2.775 -2.955 -3.129 -3.297 -3.460 -3.617 -3.768 -3.914 -4.054 -4.189 -4.318 -4.441 -4.559 -4.672 -4.765 -4.826 -4.886 -4.884 -4.862 -4.846 -4.834 -4.825 -4.818 -4.814 -4.810 -4.809 -4.808 -4.810 -4.814 -4.823 -4.838 -4.862 -4.894 -4.894 -4.862 -4.838 -4.823 -4.814 -4.810 -4.808 -4.809 -4.810 -4.814 -4.818 -4.825 -4.834 -4.846 -4.862 -4.884 -4.886 -4.826 -4.765 -4.672 -4.559 -4.441 -4.318
-0.000 -0.000 -0.033 -0.286 -0.533 -0.774 -1.010 -1.240 -1.464 -1.683 -1.896 -2.104 -2.306 -2.502 -2.693 -2.878 -3.057 -3.231 -3.400 -3.562 -3.719 -3.871 -4.017 -4.157 -4.292 -4.421 -4.544 -4.662 -4.763 -4.827 -4.891 -4.880 -4.858 -4.842 -4.830 -4.821 -4.815 -4.810 -4.807 -4.805 -4.804 -4.804 -4.806 -4.811 -4.821 -4.836 -4.861 -4.892 -4.892 -4.861 -4.836 -4.821 -4.811 -4.806 -4.804 -4.804 -4.805 -4.807 -4.810 -4.815 -4.821 -4.830 -4.842 -4.858 -4.880 -4.891 -4.827 -4.763 -4.662 -4.544 -4.421
-0.000 -0.000 -0.126 -0.379 -0.625 -0.867 -1.102 -1.332 -1.557 -1.776 -1.989 -2.196 -2.398 -2.595 -2.785 -2.971 -3.150 -3.324 -3.492 -3.655 -3.812 -3.964 -4.109 -4.250 -4.384 -4.513 -4.637 -4.751 -4.818 -4.886 -4.881 -4.858 -4.840 -4.828 -4.819 -4.813 -4.808 -4.805 -4.803 -4.802 -4.801 -4.802 -4.805 -4.810 -4.819 -4.835 -4.860 -4.892 -4.892 -4.860 -4.835 -4.819 -4.810 -4.805 -4.802 -4.801 -4.802 -4.803 -4.805 -4.808 -4.813 -4.819 -4.828 -4.840 -4.858 -4.881 -4.886 -4.818 -4.751 -4.637 -4.513
-0.000 -0.000 -0.209 -0.462 -0.709 -0.950 -1.185 -1.415 -1.640 -1.859 -2.072 -2.279 -2.481 -2.678 -2.869 -3.054 -3.233 -3.407 -3.575 -3.738 -3.895 -4.047 -4.192 -4.333 -4.467 -4.596 -4.720 -4.801 -4.871 -4.887 -4.861 -4.842 -4.829 -4.819 -4.813 -4.808 -4.805 -4.802 -4.801 -4.800 -4.800 -4.801 -4.804 -4.809 -4.819 -4.835 -4.859 -4.891 -4.891 -4.859 -4.835 -4.819 -4.809 -4.804 -4.801 -4.800 -4.800 -4.801 -4.802 -4.805 -4.808 -4.813 -4.819 -4.829 -4.842 -4.861 -4.887 -4.871 -4.801 -4.720 -4.596
-0.000 -0.024 -0.282 -0.535 -0.782 -1.023 -1.259 -1.489 -1.713 -1.932 -2.145 -2.353 -2.555 -2.751 -2.942 -3.127 -3.306 -3.480 -3.649 -3.811 -3.968 -4.120 -4.266 -4.406 -4.541 -4.670 -4.774 -4.846 -4.897 -4.868 -4.847 -4.832 -4.822 -4.814 -4.809 -4.806 -4.803 -4.801 -4.801 -4.800 -4.800 -4.801 -4.804 -4.809 -4.819 -4.835 -4.860 -4.892 -4.892 -4.860 -4.835 -4.819 -4.809 -4.804 -4.801 -4.800 -4.800 -4.801 -4.801 -4.803 -4.806 -4.809 -4.814 -4.822 -4.832 -4.847 -4.868 -4.897 -4.846 -4.774 -4.670
-0.000 -0.088 -0.346 -0.598 -0.845 -1.087 -1.322 -1.552 -1.777 -1.995 -2.209 -2.416 -2.618 -2.814 -3.005 -3.190 -3.370 -3.544 -3.712 -3.875 -4.032 -4.183 -4.329 -4.470 -4.604 -4.733 -4.813 -4.888 -4.881 -4.856 -4.839 -4.827 -4.818 -4.813 -4.809 -4.806 -4.804 -4.803 -4.802 -4.802 -4.802 -4.803 -4.806 -4.811 -4.821 -4.837 -4.861 -4.893 -4.893 -4.861 -4.837 -4.821 -4.811 -4.806 -4.803 -4.802 -4.802 -4.802 -4.803 -4.804 -4.806 -4.809 -4.813 -4.818 -4.827 -4.839 -4.856 -4.881 -4.888 -4.813 -4.733
-0.000 -0.142 -0.400 -0.652 -0.899 -1.140 -1.376 -1.606 -1.830 -2.049 -2.262 -2.470 -2.672 -2.868 -3.059 -3.244 -3.424 -3.597 -3.766 -3.929 -4.086 -4.237 -4.383 -4.523 -4.658 -4.771 -4.848 -4.900 -4.871 -4.850 -4.836 -4.826 -4.819 -4.815 -4.812 -4.810 -4.808 -4.807 -4.807 -4.806 -4.807 -4.808 -4.811 -4.816 -4.826 -4.841 -4.865 -4.896 -4.896 -4.865 -4.841 -4.826 -4.816 -4.811 -4.808 -4.807 -4.806 -4.807 -4.807 -4.808 -4.810 -4.812 -4.815 -4.819 -4.826 -4.836 -4.850 -4.871 -4.900 -4.848 -4.771
