Proyecto/Data/BAT/ENBAT_6.grd
DSAA
401 601
528266 532266
3510112 3516112
-274.41098231528 331.8603452368
[rows 192 to 223 of 601, columns 0 to 72 of 401]
-192 -191.1 -190.2 -189.3 -188.4 -187.5 -186.5 -185.6 -184.6 -183.7 -182.7 -181.8 -180.8 -179.8 -178.9 -177.9 -176.9 -175.9 -174.9 -173.9 -172.9 -171.9 -170.9 -169.9 -168.9 -167.9 -166.9 -165.8 -164.8 -163.8 -162.8 -161.8 -160.8 -159.8 -158.8 -157.8 -156.8 -155.8 -154.8 -153.8 -152.8 -151.8 -150.8 -149.8 -148.9 -147.9 -147 -146 -145.1 -144.2 -143.2 -142.3 -141.4 -140.5 -139.6 -138.7 -137.8 -137 -136.1 -135.3 -134.5 -133.6 -132.8 -131.9 -131.1 -130.3 -129.5 -128.7 -127.9 -127.1 -126.4 -125.6 -124.9
-192.2 -191.3 -190.4 -189.5 -188.6 -187.6 -186.7 -185.8 -184.8 -183.9 -182.9 -182 -181 -180 -179 -178.1 -177.1 -176.1 -175.1 -174.1 -173.1 -172.1 -171.1 -170.1 -169.1 -168 -167 -166 -165 -164 -162.9 -161.9 -160.9 -159.9 -158.9 -157.9 -156.9 -155.9 -154.9 -153.8 -152.9 -151.9 -150.9 -149.9 -149 -148 -147 -146.1 -145.2 -144.2 -143.3 -142.4 -141.5 -140.6 -139.7 -138.8 -137.9 -137.1 -136.2 -135.4 -134.5 -133.7 -132.9 -132 -131.3 -130.5 -129.7 -128.9 -128.1 -127.3 -126.5 -125.8 -125
-192.4 -191.5 -190.6 -189.7 -188.8 -187.8 -186.9 -186 -185 -184.1 -183.1 -182.2 -181.2 -180.2 -179.2 -178.2 -177.3 -176.3 -175.3 -174.3 -173.3 -172.3 -171.2 -170.2 -169.2 -168.2 -167.2 -166.1 -165.1 -164.1 -163.1 -162.1 -161 -160 -159 -158 -157 -156 -155 -153.9 -152.9 -151.9 -151 -150 -149 -148.1 -147.1 -146.2 -145.2 -144.3 -143.4 -142.5 -141.5 -140.6 -139.8 -138.9 -138 -137.1 -136.3 -135.5 -134.6 -133.8 -132.9 -132.1 -131.4 -130.6 -129.8 -129 -128.2 -127.4 -126.6 -125.9 -125.1
-192.6 -191.7 -190.8 -189.9 -189 -188 -187.1 -186.2 -185.2 -184.3 -183.3 -182.4 -181.4 -180.4 -179.4 -178.4 -177.5 -176.5 -175.5 -174.4 -173.4 -172.4 -171.4 -170.4 -169.4 -168.3 -167.3 -166.3 -165.3 -164.2 -163.2 -162.2 -161.2 -160.1 -159.1 -158.1 -157.1 -156.1 -155 -154 -153.1 -152.1 -151 -150.1 -149.1 -148.1 -147.2 -146.2 -145.3 -144.3 -143.4 -142.5 -141.6 -140.7 -139.8 -138.9 -138.1 -137.2 -136.4 -135.6 -134.7 -133.9 -133.1 -132.2 -131.5 -130.6 -129.8 -129.1 -128.3 -127.5 -126.7 -126 -125.2
-192.8 -191.9 -191 -190.1 -189.2 -188.2 -187.3 -186.4 -185.4 -184.5 -183.5 -182.5 -181.6 -180.6 -179.6 -178.6 -177.6 -176.6 -175.6 -174.6 -173.6 -172.6 -171.6 -170.6 -169.5 -168.5 -167.5 -166.4 -165.4 -164.4 -163.3 -162.3 -161.3 -160.2 -159.2 -158.2 -157.2 -156.2 -155.1 -154.1 -153.1 -152.1 -151.1 -150.1 -149.2 -148.2 -147.2 -146.3 -145.3 -144.4 -143.5 -142.6 -141.7 -140.8 -139.9 -139 -138.1 -137.3 -136.5 -135.6 -134.8 -134 -133.1 -132.3 -131.5 -130.7 -129.9 -129.1 -128.3 -127.5 -126.8 -126.1 -125.3
-193 -192.1 -191.2 -190.3 -189.4 -188.4 -187.5 -186.6 -185.6 -184.7 -183.7 -182.7 -181.8 -180.8 -179.8 -178.8 -177.8 -176.8 -175.8 -174.8 -173.8 -172.8 -171.8 -170.7 -169.7 -168.7 -167.6 -166.6 -165.6 -164.5 -163.5 -162.4 -161.4 -160.4 -159.3 -158.3 -157.3 -156.2 -155.2 -154.2 -153.2 -152.2 -151.2 -150.2 -149.3 -148.3 -147.3 -146.4 -145.5 -144.5 -143.6 -142.7 -141.8 -140.9 -140 -139.1 -138.3 -137.4 -136.6 -135.8 -135 -134.2 -133.3 -132.5 -131.5 -130.7 -129.9 -129.2 -128.4 -127.6 -127 -126.2 -125.5
-193.2 -192.3 -191.4 -190.5 -189.6 -188.6 -187.7 -186.8 -185.8 -184.9 -183.9 -183 -182 -181 -180 -179 -178 -177 -176 -175 -174 -173 -171.9 -170.9 -169.9 -168.8 -167.8 -166.7 -165.7 -164.7 -163.6 -162.6 -161.5 -160.5 -159.4 -158.4 -157.4 -156.3 -155.3 -154.3 -153.3 -152.3 -151.3 -150.3 -149.3 -148.4 -147.4 -146.5 -145.5 -144.6 -143.7 -142.8 -141.8 -141 -140.1 -139.2 -138.3 -137.5 -136.7 -135.9 -135 -134.2 -133.3 -132.5 -131.7 -130.9 -130.1 -129.4 -128.6 -127.8 -127 -126.3 -125.5
-193.4 -192.5 -191.6 -190.7 -189.8 -188.8 -187.9 -187 -186 -185.1 -184.1 -183.2 -182.2 -181.2 -180.2 -179.2 -178.2 -177.2 -176.2 -175.2 -174.2 -173.1 -172.1 -171.1 -170 -169 -167.9 -166.9 -165.9 -164.8 -163.8 -162.7 -161.7 -160.6 -159.6 -158.5 -157.5 -156.4 -155.4 -154.4 -153.4 -152.4 -151.4 -150.4 -149.4 -148.4 -147.5 -146.5 -145.6 -144.6 -143.7 -142.8 -141.9 -141 -140.1 -139.3 -138.4 -137.6 -136.8 -135.9 -135.1 -134.2 -133.4 -132.6 -131.8 -131 -130.2 -129.4 -128.7 -127.9 -127.1 -126.4 -125.6
-193.6 -192.7 -191.8 -190.9 -190 -189.1 -188.1 -187.2 -186.3 -185.3 -184.3 -183.4 -182.4 -181.4 -180.4 -179.4 -178.4 -177.4 -176.4 -175.4 -174.4 -173.3 -172.3 -171.3 -170.2 -169.2 -168.1 -167.1 -166 -165 -163.9 -162.8 -161.8 -160.7 -159.7 -158.6 -157.6 -156.5 -155.5 -154.5 -153.4 -152.4 -151.4 -150.4 -149.4 -148.5 -147.5 -146.6 -145.6 -144.7 -143.8 -142.9 -142 -141.1 -140.2 -139.3 -138.5 -137.7 -136.9 -136 -135.1 -134.3 -133.5 -132.7 -131.9 -131.1 -130.3 -129.5 -128.7 -128 -127.2 -126.4 -125.7
-193.8 -192.9 -192 -191.1 -190.2 -189.3 -188.4 -187.4 -186.5 -185.5 -184.6 -183.6 -182.6 -181.6 -180.6 -179.7 -178.7 -177.6 -176.6 -175.6 -174.6 -173.5 -172.5 -171.5 -170.4 -169.3 -168.3 -167.2 -166.2 -165.1 -164 -163 -161.9 -160.9 -159.8 -158.7 -157.7 -156.6 -155.6 -154.6 -153.5 -152.5 -151.5 -150.5 -149.5 -148.5 -147.6 -146.6 -145.7 -144.8 -143.8 -142.9 -142 -141.1 -140.3 -139.4 -138.5 -137.7 -136.9 -136.1 -135.2 -134.4 -133.6 -132.8 -132 -131.2 -130.4 -129.6 -128.8 -128 -127.3 -126.5 -125.8
-194 -193.1 -192.2 -191.3 -190.4 -189.5 -188.6 -187.6 -186.7 -185.7 -184.8 -183.8 -182.8 -181.9 -180.9 -179.9 -178.9 -177.9 -176.8 -175.8 -174.8 -173.7 -172.7 -171.6 -170.6 -169.5 -168.5 -167.4 -166.3 -165.3 -164.2 -163.2 -162.1 -161 -159.9 -158.9 -157.8 -156.7 -155.7 -154.6 -153.6 -152.6 -151.6 -150.6 -149.6 -148.6 -147.6 -146.7 -145.7 -144.8 -143.9 -143 -142.1 -141.2 -140.3 -139.5 -138.6 -137.8 -137 -136.2 -135.3 -134.5 -133.7 -132.8 -132 -131.2 -130.5 -129.7 -128.9 -128.1 -127.4 -126.6 -125.9
-194.2 -193.3 -192.5 -191.6 -190.7 -189.7 -188.8 -187.9 -186.9 -186 -185 -184.1 -183.1 -182.1 -181.1 -180.1 -179.1 -178.1 -177.1 -176 -175 -173.9 -172.9 -171.8 -170.8 -169.7 -168.7 -167.6 -166.5 -165.4 -164.4 -163.3 -162.2 -161.1 -160 -159 -157.9 -156.8 -155.8 -154.7 -153.7 -152.6 -151.6 -150.6 -149.6 -148.6 -147.7 -146.7 -145.8 -144.9 -144 -143.1 -142.2 -141.3 -140.4 -139.6 -138.7 -137.9 -137 -136.2 -135.4 -134.5 -133.7 -132.9 -132.1 -131.3 -130.5 -129.8 -129 -128.2 -127.4 -126.7 -125.9
-194.4 -193.6 -192.7 -191.8 -190.9 -190 -189 -188.1 -187.2 -186.2 -185.3 -184.3 -183.3 -182.3 -181.3 -180.3 -179.3 -178.3 -177.3 -176.2 -175.2 -174.2 -173.1 -172.1 -171 -169.9 -168.8 -167.8 -166.7 -165.6 -164.5 -163.5 -162.4 -161.3 -160.2 -159.1 -158 -156.9 -155.9 -154.8 -153.8 -152.7 -151.7 -150.7 -149.7 -148.7 -147.7 -146.8 -145.9 -144.9 -144 -143.1 -142.2 -141.3 -140.4 -139.6 -138.7 -137.9 -137.1 -136.2 -135.4 -134.6 -133.8 -133 -132.2 -131.4 -130.6 -129.8 -129.1 -128.3 -127.5 -126.8 -126
-194.7 -193.8 -192.9 -192 -191.1 -190.2 -189.3 -188.4 -187.4 -186.5 -185.5 -184.5 -183.6 -182.6 -181.6 -180.6 -179.6 -178.5 -177.5 -176.5 -175.4 -174.4 -173.3 -172.3 -171.2 -170.1 -169 -168 -166.9 -165.8 -164.7 -163.6 -162.5 -161.4 -160.3 -159.2 -158.1 -157 -156 -154.9 -153.8 -152.8 -151.8 -150.7 -149.7 -148.7 -147.8 -146.8 -145.9 -145 -144 -143.1 -142.3 -141.4 -140.5 -139.6 -138.8 -138 -137.1 -136.3 -135.5 -134.7 -133.9 -133.1 -132.3 -131.5 -130.7 -129.9 -129.1 -128.3 -127.5 -126.8 -126
-194.9 -194 -193.2 -192.3 -191.4 -190.5 -189.5 -188.6 -187.7 -186.7 -185.8 -184.8 -183.8 -182.8 -181.8 -180.8 -179.8 -178.8 -177.8 -176.7 -175.7 -174.6 -173.6 -172.5 -171.4 -170.3 -169.3 -168.2 -167.1 -166 -164.9 -163.8 -162.7 -161.6 -160.5 -159.4 -158.3 -157.2 -156.1 -155 -153.9 -152.9 -151.8 -150.8 -149.8 -148.8 -147.8 -146.9 -145.9 -145 -144.1 -143.2 -142.3 -141.5 -140.6 -139.7 -138.9 -138.1 -137.2 -136.4 -135.6 -134.8 -134 -133.2 -132.4 -131.6 -130.7 -130 -129.2 -128.4 -127.6 -126.9 -126.1
-195.1 -194.3 -193.4 -192.5 -191.6 -190.7 -189.8 -188.8 -187.9 -186.9 -186 -185 -184 -183 -182.1 -181 -180 -179 -178 -176.9 -175.9 -174.8 -173.8 -172.7 -171.6 -170.5 -169.4 -168.4 -167.3 -166.2 -165 -164 -162.8 -161.7 -160.6 -159.5 -158.4 -157.3 -156.2 -155.1 -154 -152.9 -151.9 -150.8 -149.8 -148.8 -147.9 -146.9 -146 -145.1 -144.2 -143.3 -142.4 -141.5 -140.7 -139.8 -139 -138.2 -137.3 -136.5 -135.7 -134.9 -134.1 -133.2 -132.4 -131.6 -130.8 -130.1 -129.3 -128.5 -127.7 -127 -126.2
-195.4 -194.5 -193.6 -192.8 -191.9 -190.9 -190 -189.1 -188.2 -187.2 -186.2 -185.3 -184.3 -183.3 -182.3 -181.3 -180.3 -179.3 -178.2 -177.2 -176.1 -175.1 -174 -172.9 -171.9 -170.8 -169.7 -168.6 -167.5 -166.4 -165.2 -164.2 -163 -161.9 -160.8 -159.6 -158.5 -157.4 -156.3 -155.2 -154.1 -153 -151.9 -150.9 -149.9 -148.9 -147.9 -147 -146 -145.1 -144.2 -143.4 -142.5 -141.6 -140.8 -139.9 -139.1 -138.3 -137.4 -136.6 -135.8 -135 -134.2 -133.3 -132.5 -131.7 -130.9 -130.2 -129.4 -128.6 -127.8 -127 -126.3
-195.6 -194.8 -193.9 -193 -192.1 -191.2 -190.3 -189.4 -188.4 -187.5 -186.5 -185.5 -184.6 -183.6 -182.6 -181.6 -180.6 -179.5 -178.5 -177.4 -176.4 -175.3 -174.3 -173.2 -172.1 -171 -169.9 -168.8 -167.7 -166.6 -165.5 -164.4 -163.2 -162.1 -160.9 -159.8 -158.7 -157.5 -156.4 -155.3 -154.2 -153.1 -152 -151 -149.9 -148.9 -148 -147 -146.1 -145.2 -144.3 -143.4 -142.6 -141.7 -140.9 -140 -139.2 -138.4 -137.5 -136.7 -135.9 -135.1 -134.3 -133.4 -132.6 -131.8 -131 -130.2 -129.4 -128.7 -127.9 -127.1 -126.4
-195.9 -195 -194.2 -193.3 -192.4 -191.5 -190.6 -189.6 -188.7 -187.8 -186.8 -185.8 -184.8 -183.9 -182.9 -181.8 -180.8 -179.8 -178.8 -177.7 -176.7 -175.6 -174.5 -173.4 -172.3 -171.3 -170.1 -169 -167.9 -166.8 -165.7 -164.6 -163.4 -162.3 -161.1 -160 -158.8 -157.7 -156.5 -155.4 -154.3 -153.2 -152.1 -151 -150 -149 -148 -147.1 -146.2 -145.3 -144.4 -143.5 -142.7 -141.8 -141 -140.1 -139.3 -138.5 -137.7 -136.8 -136 -135.2 -134.4 -133.6 -132.8 -131.9 -131.1 -130.3 -129.5 -128.7 -127.9 -127.2 -126.4
-196.2 -195.3 -194.4 -193.6 -192.7 -191.8 -190.8 -189.9 -189 -188 -187.1 -186.1 -185.1 -184.1 -183.1 -182.1 -181.1 -180.1 -179 -178 -176.9 -175.9 -174.8 -173.7 -172.6 -171.5 -170.4 -169.3 -168.2 -167 -165.9 -164.8 -163.6 -162.5 -161.3 -160.2 -159 -157.8 -156.7 -155.5 -154.4 -153.3 -152.2 -151.1 -150 -149 -148.1 -147.1 -146.2 -145.4 -144.5 -143.6 -142.8 -141.9 -141.1 -140.3 -139.4 -138.6 -137.8 -136.9 -136.1 -135.3 -134.5 -133.7 -132.9 -132 -131.2 -130.4 -129.6 -128.8 -128 -127.2 -126.5
-196.4 -195.6 -194.7 -193.8 -192.9 -192 -191.1 -190.2 -189.3 -188.3 -187.4 -186.4 -185.4 -184.4 -183.4 -182.4 -181.4 -180.4 -179.3 -178.3 -177.2 -176.2 -175.1 -174 -172.9 -171.8 -170.7 -169.5 -168.4 -167.3 -166.1 -165 -163.9 -162.7 -161.5 -160.4 -159.2 -158 -156.8 -155.7 -154.5 -153.4 -152.2 -151.1 -150.1 -149.1 -148.1 -147.2 -146.3 -145.5 -144.6 -143.8 -142.9 -142.1 -141.2 -140.4 -139.6 -138.7 -137.9 -137.1 -136.3 -135.4 -134.6 -133.8 -133 -132.2 -131.3 -130.5 -129.7 -128.9 -128.1 -127.3 -126.5
-196.7 -195.9 -195 -194.1 -193.2 -192.3 -191.4 -190.5 -189.6 -188.6 -187.7 -186.7 -185.7 -184.7 -183.7 -182.7 -181.7 -180.7 -179.6 -178.6 -177.5 -176.4 -175.4 -174.3 -173.2 -172.1 -170.9 -169.8 -168.7 -167.5 -166.4 -165.3 -164.1 -162.9 -161.8 -160.6 -159.4 -158.2 -157 -155.8 -154.7 -153.5 -152.3 -151.2 -150.1 -149.1 -148.2 -147.3 -146.4 -145.6 -144.7 -143.9 -143.1 -142.2 -141.4 -140.6 -139.7 -138.9 -138.1 -137.2 -136.4 -135.6 -134.8 -133.9 -133.1 -132.3 -131.5 -130.7 -129.8 -129 -128.2 -127.4 -126.6
-197 -196.2 -195.3 -194.4 -193.5 -192.6 -191.7 -190.8 -189.9 -188.9 -188 -187 -186 -185 -184 -183 -182 -181 -179.9 -178.9 -177.8 -176.7 -175.7 -174.6 -173.5 -172.4 -171.2 -170.1 -169 -167.8 -166.7 -165.5 -164.4 -163.2 -162 -160.8 -159.6 -158.4 -157.2 -156 -154.8 -153.6 -152.4 -151.3 -150.2 -149.2 -148.3 -147.4 -146.6 -145.7 -144.9 -144.1 -143.2 -142.4 -141.6 -140.7 -139.9 -139.1 -138.2 -137.4 -136.6 -135.7 -134.9 -134.1 -133.2 -132.4 -131.6 -130.8 -129.9 -129.1 -128.3 -127.5 -126.7
-197.3 -196.5 -195.6 -194.7 -193.8 -192.9 -192 -191.1 -190.2 -189.2 -188.3 -187.3 -186.4 -185.4 -184.4 -183.4 -182.3 -181.3 -180.3 -179.2 -178.1 -177.1 -176 -174.9 -173.8 -172.7 -171.5 -170.4 -169.3 -168.1 -167 -165.8 -164.6 -163.5 -162.3 -161.1 -159.9 -158.7 -157.5 -156.3 -155 -153.8 -152.6 -151.4 -150.2 -149.2 -148.4 -147.6 -146.7 -145.9 -145.1 -144.3 -143.4 -142.6 -141.7 -140.9 -140.1 -139.2 -138.4 -137.6 -136.7 -135.9 -135 -134.2 -133.4 -132.6 -131.7 -130.9 -130.1 -129.3 -128.4 -127.6 -126.8
-197.6 -196.8 -195.9 -195 -194.2 -193.3 -192.4 -191.4 -190.5 -189.6 -188.6 -187.7 -186.7 -185.7 -184.7 -183.7 -182.7 -181.6 -180.6 -179.5 -178.5 -177.4 -176.3 -175.2 -174.1 -173 -171.8 -170.7 -169.6 -168.4 -167.3 -166.1 -164.9 -163.8 -162.6 -161.4 -160.2 -159 -157.7 -156.5 -155.3 -154.1 -152.8 -151.6 -150.4 -149.4 -148.6 -147.8 -147 -146.1 -145.3 -144.5 -143.6 -142.8 -141.9 -141.1 -140.3 -139.4 -138.6 -137.7 -136.9 -136 -135.2 -134.4 -133.5 -132.7 -131.8 -131 -130.2 -129.4 -128.5 -127.7 -126.9
-197.9 -197.1 -196.2 -195.4 -194.5 -193.6 -192.7 -191.8 -190.8 -189.9 -189 -188 -187 -186 -185 -184 -183 -182 -180.9 -179.9 -178.8 -177.7 -176.6 -175.5 -174.4 -173.3 -172.2 -171 -169.9 -168.7 -167.6 -166.4 -165.3 -164.1 -162.9 -161.7 -160.5 -159.3 -158 -156.8 -155.6 -154.4 -153.2 -152 -150.8 -149.8 -148.9 -148.1 -147.2 -146.4 -145.6 -144.7 -143.9 -143 -142.2 -141.3 -140.5 -139.6 -138.8 -137.9 -137.1 -136.2 -135.4 -134.5 -133.7 -132.8 -132 -131.1 -130.3 -129.5 -128.7 -127.8 -127
-198.2 -197.4 -196.5 -195.7 -194.8 -193.9 -193 -192.1 -191.2 -190.2 -189.3 -188.3 -187.4 -186.4 -185.4 -184.4 -183.3 -182.3 -181.3 -180.2 -179.1 -178.1 -177 -175.9 -174.8 -173.6 -172.5 -171.4 -170.2 -169.1 -167.9 -166.8 -165.6 -164.4 -163.2 -162 -160.8 -159.6 -158.4 -157.2 -156 -154.7 -153.6 -152.4 -151.3 -150.3 -149.3 -148.4 -147.6 -146.7 -145.8 -145 -144.1 -143.3 -142.4 -141.6 -140.7 -139.9 -139 -138.1 -137.3 -136.4 -135.6 -134.7 -133.8 -133 -132.2 -131.3 -130.5 -129.6 -128.8 -128 -127.1
-198.5 -197.7 -196.9 -196 -195.1 -194.2 -193.4 -192.4 -191.5 -190.6 -189.6 -188.7 -187.7 -186.7 -185.7 -184.7 -183.7 -182.7 -181.6 -180.6 -179.5 -178.4 -177.3 -176.2 -175.1 -174 -172.9 -171.7 -170.6 -169.4 -168.3 -167.1 -165.9 -164.7 -163.5 -162.3 -161.1 -159.9 -158.7 -157.5 -156.3 -155.1 -154 -152.8 -151.8 -150.7 -149.8 -148.8 -147.9 -147 -146.2 -145.3 -144.4 -143.5 -142.7 -141.8 -140.9 -140.1 -139.2 -138.4 -137.5 -136.6 -135.8 -134.9 -134 -133.2 -132.3 -131.5 -130.6 -129.8 -128.9 -128.1 -127.2
-198.9 -198 -197.2 -196.3 -195.5 -194.6 -193.7 -192.8 -191.9 -190.9 -190 -189 -188.1 -187.1 -186.1 -185.1 -184.1 -183 -182 -180.9 -179.9 -178.8 -177.7 -176.6 -175.5 -174.3 -173.2 -172.1 -170.9 -169.8 -168.6 -167.5 -166.3 -165.1 -163.9 -162.7 -161.5 -160.3 -159.1 -157.9 -156.7 -155.6 -154.4 -153.3 -152.2 -151.2 -150.2 -149.3 -148.3 -147.4 -146.5 -145.6 -144.7 -143.8 -143 -142.1 -141.2 -140.3 -139.5 -138.6 -137.7 -136.8 -136 -135.1 -134.2 -133.3 -132.5 -131.6 -130.8 -129.9 -129 -128.2 -127.3
-199.2 -198.4 -197.5 -196.7 -195.8 -194.9 -194.1 -193.2 -192.2 -191.3 -190.4 -189.4 -188.4 -187.5 -186.5 -185.5 -184.4 -183.4 -182.4 -181.3 -180.2 -179.1 -178.1 -177 -175.8 -174.7 -173.6 -172.4 -171.3 -170.1 -169 -167.8 -166.6 -165.5 -164.3 -163.1 -161.9 -160.7 -159.5 -158.3 -157.2 -156 -154.9 -153.8 -152.7 -151.7 -150.6 -149.7 -148.7 -147.8 -146.9 -146 -145 -144.2 -143.3 -142.4 -141.5 -140.6 -139.7 -138.8 -137.9 -137.1 -136.2 -135.3 -134.4 -133.5 -132.7 -131.8 -130.9 -130 -129.2 -128.3 -127.5
-199.5 -198.7 -197.9 -197 -196.2 -195.3 -194.4 -193.5 -192.6 -191.7 -190.7 -189.8 -188.8 -187.8 -186.8 -185.8 -184.8 -183.8 -182.7 -181.7 -180.6 -179.5 -178.4 -177.3 -176.2 -175.1 -174 -172.8 -171.7 -170.5 -169.4 -168.2 -167 -165.8 -164.7 -163.5 -162.3 -161.1 -159.9 -158.8 -157.6 -156.5 -155.3 -154.2 -153.2 -152.1 -151.1 -150.1 -149.1 -148.2 -147.2 -146.3 -145.4 -144.5 -143.6 -142.7 -141.8 -140.9 -140 -139.1 -138.2 -137.3 -136.4 -135.5 -134.6 -133.7 -132.8 -131.9 -131.1 -130.2 -129.3 -128.5 -127.6
-199.9 -199.1 -198.2 -197.4 -196.5 -195.7 -194.8 -193.9 -193 -192.1 -191.1 -190.2 -189.2 -188.2 -187.2 -186.2 -185.2 -184.2 -183.1 -182.1 -181 -179.9 -178.8 -177.7 -176.6 -175.5 -174.4 -173.2 -172.1 -170.9 -169.8 -168.6 -167.4 -166.2 -165.1 -163.9 -162.7 -161.5 -160.4 -159.2 -158 -156.9 -155.8 -154.7 -153.6 -152.6 -151.5 -150.5 -149.5 -148.6 -147.6 -146.7 -145.7 -144.8 -143.9 -143 -142 -141.1 -140.2 -139.3 -138.4 -137.5 -136.6 -135.7 -134.8 -133.9 -133 -132.1 -131.2 -130.3 -129.5 -128.6 -127.7
