Proyecto/Data/BAT/ENBAT_6.grd
DSAA
401 601
528266 532266
3510112 3516112
-274.41098231528 331.8603452368
[rows 320 to 351 of 601, columns 292 to 364 of 401]
9.135 9.866 10.51 10.98 11.11 11.01 10.53 9.883 9.274 8.552 7.388 5.454 3.021 0.3978 -1.736 -2.256 -0.8875 1.676 5.804 11.74 17.15 20.01 21.21 22.19 23.35 24.79 26.2 27.59 28.52 29.17 30.34 31.96 32.8 33.4 33.92 34.4 34.74 35.31 35.79 36.13 36.55 36.94 37.45 37.86 38.38 38.4 38.69 38.83 39.12 39.39 39.6 39.78 39.88 39.97 40.18 40.78 41.63 42.53 43.57 44.68 45.88 47.24 48.71 50.3 51.98 53.72 55.52 57.38 59.41 61.61 64.21 67.11 70.15
10.72 11.6 12.42 13.12 13.75 13.99 14.13 14.23 14.41 14.46 13.75 11.76 8.651 5.363 2.123 1.397 3.258 5.891 9.404 13.83 18.54 20.89 22.11 23.24 24.39 25.64 26.81 27.82 28.62 28.86 29.66 30.86 31.53 32.17 32.95 33.52 34.13 34.81 35.59 36.09 36.7 37.27 37.99 38.57 39.12 39.23 39.34 39.37 39.5 39.61 39.74 39.81 39.81 39.82 40.01 40.81 41.82 42.94 44.11 45.4 46.77 48.22 49.77 51.39 53.15 54.79 56.39 57.79 59.27 61.57 64.65 67.85 71.03
12.18 13.15 14.12 14.97 15.98 16.87 17.42 18.09 19.01 20.1 19.86 18.09 14.61 11.62 9.396 8.628 9.239 10.73 13 15.86 18.8 21.11 22.86 24.18 25.4 26.62 27.61 28.71 29.28 29.93 29.98 30.71 30.95 32.53 33.09 33.68 34.59 35.23 35.91 36.62 37.26 37.93 38.66 39.3 39.91 39.9 39.83 39.79 39.78 39.82 39.88 39.93 39.86 39.84 40.18 41.04 42.16 43.41 44.76 46.15 47.64 49.2 50.86 52.61 54.41 56.1 57.61 58.71 59.57 61.96 65.49 68.9 72.12
13.63 14.66 15.67 16.69 18.02 19.47 20.3 21.37 22.51 23.4 23.45 22.16 19.86 17.82 16.65 16.19 15.53 15.72 16.66 18.01 19.86 22.02 23.89 25.31 26.59 27.68 28.51 29.37 29.99 30.55 29.99 30.63 31.29 31.51 33.14 33.74 34.43 35.09 35.93 36.73 37.45 38.25 39.07 39.79 40.15 40.29 40.17 40.05 39.95 39.94 39.97 39.96 39.89 39.9 40.42 41.34 42.55 43.89 45.37 46.93 48.5 50.25 52.03 53.77 55.65 57.53 59.36 60.51 61.44 63.81 67.19 70.45 73.51
15.19 16.24 17.22 18.19 19.19 20.61 22.53 24.11 25.42 26.26 26.38 25.62 24.3 23.07 22.43 22.04 20.98 20.47 20.56 20.94 22.12 23.9 25.51 26.72 27.8 28.65 28.93 30.13 30.59 31.3 31.56 30.72 31.3 31.82 32.63 33.22 34.5 35.24 35.98 36.83 37.68 38.52 39.34 39.99 40.25 40.43 40.29 40.12 40.01 39.95 39.94 39.88 39.9 40.11 40.74 41.75 43.02 44.42 46 47.59 49.36 51.03 53 55.01 57.11 59.17 61.1 62.79 64.5 66.83 69.64 72.48 75.16
16.44 17.52 18.63 19.78 20.91 22.62 24.82 26.74 28.24 29.17 29.4 28.99 28.2 27.39 26.78 26.19 25.47 24.89 24.66 24.8 25.45 26.49 27.59 28.49 29.29 29.98 29.95 30.56 31.2 31.6 32.1 32.29 31.75 32.46 32.74 33.54 34.22 35.47 35.85 36.95 37.73 38.61 39.45 40.04 40.22 40.4 40.26 40.11 39.98 39.86 39.8 39.8 39.93 40.32 41.03 42.15 43.49 44.98 46.67 48.37 50.18 52.03 54.18 56.3 58.6 60.86 63.05 65.22 67.46 69.91 72.46 74.86 77.03
17.51 18.87 20.27 21.65 23.26 25.24 27.43 29.49 31.15 32.24 32.6 32.34 31.78 31.18 30.67 30.16 29.61 29.1 28.74 28.67 28.92 29.38 29.95 30.41 30.82 31.4 31.22 31.46 31.73 32.32 32.3 32.78 33.13 32.73 33.18 33.72 34.5 35.19 36.32 36.81 37.64 38.58 39.36 39.91 40.13 40.3 40.23 40.11 39.93 39.79 39.69 39.7 39.9 40.43 41.28 42.46 43.92 45.56 47.36 49.21 51.01 53.06 55.29 57.6 60.08 62.56 65.04 67.6 70.23 72.92 75.44 77.45 79.09
18.81 20.1 21.77 23.57 25.55 27.76 30.11 32.36 34.28 35.58 35.99 35.67 35.15 34.72 34.4 34.05 33.62 33.15 32.72 32.47 32.4 32.44 32.57 32.62 32.83 32.93 32.59 32.61 32.44 31.86 32.77 32.94 33.55 33.91 33.52 34.08 34.58 35.36 36.11 36.88 37.63 38.41 39.16 39.69 39.99 40.18 40.2 40.09 39.92 39.77 39.63 39.62 39.83 40.44 41.44 42.77 44.37 46.12 48 49.84 51.85 54.03 56.38 58.83 61.46 64.15 66.92 69.81 72.74 75.7 78.5 79.99 81.16
19.76 21.32 23.29 25.39 27.67 30.12 32.73 35.29 37.5 39.11 39.45 38.97 38.33 38.14 38.1 37.94 37.62 37.1 36.58 36.16 35.85 35.57 35.27 34.92 34.75 34.62 34 33.81 33.46 32.67 32.57 33.52 33.62 34.18 34.46 34.37 34.87 35.46 36.14 37.11 37.63 38.38 39.02 39.56 39.89 40.14 40.22 40.13 40.03 39.88 39.7 39.58 39.73 40.38 41.61 43.17 44.87 46.7 48.65 50.62 52.64 54.98 57.37 59.91 62.63 65.49 68.57 71.74 74.87 77.81 80.34 81.76 82.79
20.86 22.81 24.96 27.26 29.71 32.36 35.14 38.06 40.52 41.93 42.51 42.34 41.86 41.87 41.96 41.86 41.55 40.96 40.32 39.74 39.24 38.72 37.98 37.25 36.71 36.19 35.5 35.07 34.5 33.61 33.39 33.26 33.87 34.05 34.14 34.55 35.08 35.72 36.3 36.89 37.67 38.34 39.03 39.51 39.94 40.23 40.36 40.36 40.31 40.19 40.01 39.79 39.77 40.33 41.97 43.74 45.46 47.3 49.25 51.25 53.39 55.67 58.2 60.8 63.52 66.56 69.86 73.31 76.61 79.32 81.35 82.76 83.87
23.39 24.85 26.83 29.08 31.59 34.35 37.28 40.3 42.88 44.62 45.59 45.94 45.99 46.05 46.06 45.85 45.4 44.72 43.94 43.16 42.37 41.55 40.54 39.56 38.67 37.83 36.95 36.19 35.47 34.56 34.18 33.92 33.83 34.3 34.26 34.64 35.09 35.97 36.49 37.08 37.72 38.46 39.05 39.58 40.12 40.44 40.67 40.77 40.83 40.77 40.67 40.59 40.7 41.37 42.87 44.6 46.31 48.07 50 51.9 54.02 56.32 58.81 61.36 64.07 67.14 70.62 74.41 78.12 80.56 82.13 83.39 84.52
25.7 27.01 28.8 30.93 33.42 36.24 39.28 42.55 45.44 47.6 48.98 49.74 50.15 50.38 50.37 50.03 49.39 48.51 47.51 46.49 45.37 44.23 43 41.76 40.58 39.47 38.39 37.42 36.53 35.51 34.98 34.61 34.47 34.47 34.96 35 35.39 35.91 36.69 37.26 37.86 38.53 39.13 39.71 40.3 40.78 41.15 41.38 41.58 41.7 41.74 41.92 42.29 43.06 44.27 45.75 47.33 49.02 50.77 52.58 54.55 56.72 59.13 61.5 64.06 67.09 70.61 74.61 78.86 81 82.36 83.59 84.78
27.77 29.07 30.78 32.75 35.17 38.12 41.54 45.16 48.47 51.06 52.76 53.75 54.44 54.93 54.96 54.46 53.53 52.39 51.12 49.79 48.37 46.98 45.48 44 42.55 41.16 39.89 38.64 37.54 36.43 35.76 35.29 35.06 35.04 35.1 35.29 35.67 36.16 36.82 37.39 38 38.66 39.29 39.9 40.63 41.28 41.79 42.21 42.58 42.78 43.09 43.46 44.03 44.85 45.91 47.18 48.56 50.06 51.62 53.24 54.96 56.85 58.89 61.06 63.47 66.35 69.76 73.58 77.3 80.07 81.95 83.38 84.69
29.84 31.15 32.75 34.58 36.82 39.98 43.95 48.1 52.02 55.16 57.06 58.04 59 59.89 59.99 59.28 57.9 56.45 54.83 53.13 51.43 49.77 48.03 46.31 44.58 42.92 41.38 39.89 38.46 37.36 36.55 35.99 35.74 35.63 35.68 35.82 36.08 36.55 37.1 37.75 38.39 39.07 39.68 40.34 41.24 42.03 42.71 43.28 43.69 44.15 44.64 45.18 45.84 46.64 47.64 48.75 49.95 51.21 52.55 53.91 55.33 56.85 58.5 60.31 62.39 65 68.23 71.92 75.63 78.88 81.25 82.81 84.27
31.96 33.37 34.97 36.73 38.59 41.99 46.7 51.3 55.85 59.9 61.91 63.27 64.5 65.49 65.61 64.71 62.94 60.98 58.77 56.53 54.6 52.74 50.73 48.73 46.73 44.79 42.97 41.23 39.6 38.29 37.33 36.68 36.36 36.23 36.31 36.4 36.51 36.86 37.41 38.18 38.91 39.7 40.46 41.29 42.19 43.06 43.85 44.57 45.13 45.74 46.34 46.99 47.72 48.53 49.45 50.42 51.46 52.52 53.58 54.65 55.74 56.88 58.08 59.43 60.99 63.19 66.28 70.01 73.93 77.64 80.44 81.87 83.57
34.1 35.64 37.49 39.57 41.99 45.58 50.16 54.71 59.27 63.81 66.9 69.02 70.57 71.56 71.72 70.68 68.64 66.03 63.08 60.05 58.11 55.98 53.65 51.29 49 46.8 44.72 42.71 40.81 39.19 38.16 37.62 37.33 37.16 37.05 37.02 37.16 37.47 38.03 38.76 39.61 40.55 41.48 42.44 43.42 44.37 45.25 46.02 46.78 47.48 48.22 48.96 49.76 50.56 51.44 52.31 53.16 54.01 54.8 55.55 56.28 57.02 57.81 58.67 59.58 61.15 64.13 68.1 72.31 76.09 78.81 80.51 82.74
36.11 38.08 40.31 42.88 45.99 49.82 54.28 58.85 63.49 68.32 71.96 74.59 76.38 77.36 77.93 76.61 74.27 71.17 67.87 64.8 62.16 59.53 56.8 54.05 51.41 49 46.72 44.51 42.39 40.42 39.3 38.8 38.52 38.31 38.07 37.87 37.87 38.15 38.75 39.6 40.58 41.63 42.71 43.77 44.87 45.91 46.89 47.75 48.62 49.43 50.27 51.08 51.94 52.76 53.59 54.36 55.08 55.72 56.25 56.68 57.01 57.36 57.84 58.4 58.96 59.74 62.01 66.63 71.25 75.2 78.08 79.98 82.55
38.02 40.41 43.08 46.16 49.74 53.93 58.6 63.57 68.71 73.52 76.95 79.4 81.13 81.75 82.07 81.13 79.29 75.76 72.41 69.33 66.42 63.43 60.22 56.97 54.05 51.4 49 46.75 44.58 42.62 41.15 40.42 39.99 39.72 39.24 38.81 38.64 38.89 39.59 40.59 41.72 42.93 44.12 45.3 46.48 47.66 48.74 49.76 50.65 51.58 52.47 53.39 54.31 55.17 55.96 56.65 57.22 57.66 57.94 58.04 57.94 57.89 58.13 58.7 59.31 59.8 61.78 66.37 71.17 75.44 78.63 80.95 83.25
39.72 42.48 45.66 49.2 53.2 57.69 62.61 67.86 73.31 78.73 81.14 82.77 83.97 84.53 84.51 83.72 81.95 79.24 76.32 73.51 70.71 67.68 64.17 60.35 56.94 54.06 51.65 49.35 47.14 45.15 43.56 42.43 41.66 41.09 40.48 39.92 39.54 39.76 40.67 41.85 43.12 44.44 45.78 47.08 48.34 49.58 50.8 51.87 52.94 53.97 54.88 55.86 56.89 57.84 58.62 59.22 59.67 59.91 59.92 59.71 59 58.45 58.46 59.12 60.07 60.85 63.15 67.12 71.86 76.58 79.98 82.03 84.06
41.57 44.71 48.2 52.04 56.28 60.95 66.01 71.34 76.56 80.92 83.48 84.94 85.93 86.39 86.3 85.54 84.08 82.02 79.67 77.39 75.01 72.31 68.97 64.8 60.15 57.11 54.77 52.35 50 47.85 46.01 44.58 43.48 42.62 41.9 41.33 40.95 41.21 42.22 43.43 44.78 46.2 47.65 49.08 50.43 51.76 53.03 54.23 55.39 56.53 57.54 58.6 59.79 60.82 61.65 62.22 62.53 62.51 62.1 61.27 60 58.92 58.63 59.18 60.13 61.34 63.98 67.88 72.53 77.46 80.9 82.58 84.49
44.53 47.32 50.76 54.68 58.99 63.65 68.68 73.96 78.98 82.38 84.72 86.3 87.34 87.81 87.77 87.14 86.06 84.5 82.75 80.95 79.15 77.15 74.48 70.15 65.18 61.44 58.52 55.72 53.07 50.65 48.54 46.81 45.43 44.37 43.58 43.08 42.91 43.25 44.12 45.32 46.71 48.21 49.78 51.34 52.79 54.27 55.63 56.91 58.15 59.43 60.58 61.73 63.04 64.16 65.04 65.62 65.84 65.58 64.77 63.31 61.28 59.38 58.81 59.17 59.74 61.24 64.48 68.46 72.75 77.03 80.38 82.21 84.33
47.78 50.01 53.18 57.08 61.27 65.75 70.57 75.54 80.13 83.22 85.52 87.14 88.21 88.83 88.92 88.55 87.8 86.73 85.42 84.06 82.79 81.47 80.26 75.56 70.66 66.29 62.58 59.31 56.26 53.49 51.07 49.05 47.45 46.28 45.45 45.02 44.98 45.38 46.17 47.41 48.85 50.44 52.12 53.75 55.42 57.03 58.54 59.93 61.28 62.76 64.13 65.41 66.67 67.81 68.74 69.38 69.6 69.24 68.22 66.39 63.66 60.34 59.85 60.26 60.2 61.51 65.55 69.32 72.9 76.2 78.89 81.06 83.62
50.78 52.44 55.16 58.99 62.96 67.27 71.82 76.32 80.35 83.5 85.92 87.61 88.81 89.55 89.86 89.77 89.31 88.51 87.63 86.61 85.61 84.36 82.64 79.65 75.16 70.61 66.55 62.84 59.47 56.33 53.56 51.28 49.51 48.26 47.45 47.08 47.11 47.56 48.37 49.59 51.15 52.85 54.67 56.46 58.29 60.06 61.72 63.32 64.89 66.45 67.92 69.26 70.5 71.62 72.62 73.41 73.76 73.43 72.46 70.77 68.06 64.91 63.69 63.72 64.05 65.48 68.2 70.97 73.5 75.79 77.78 79.65 82.46
53.5 54.56 56.62 59.72 63.97 68.43 72.83 76.98 80.66 83.68 86.17 87.92 89.3 90.18 90.66 90.71 90.5 90.08 89.38 88.72 87.73 86.43 84.65 82.08 78.36 74.19 70.17 66.32 62.63 59.13 55.98 53.43 51.55 50.29 49.53 49.22 49.31 49.78 50.65 51.93 53.55 55.4 57.39 59.38 61.36 63.28 65.12 66.89 68.63 70.31 71.84 73.18 74.37 75.46 76.51 77.49 78.21 77.81 77.1 76.13 73.85 70.84 69.06 68.69 69.26 70.55 72.08 73.45 74.73 76.05 77.43 78.85 81.3
56.23 56.76 58.33 60.85 65.38 69.78 73.9 77.72 81.14 84.03 86.44 88.26 89.76 90.81 91.46 91.62 91.61 91.38 90.9 90.38 89.45 88.08 86.36 83.93 80.86 77.27 73.51 69.72 65.9 62.07 58.46 55.61 53.72 52.51 51.85 51.62 51.72 52.17 53.02 54.38 56.17 58.22 60.37 62.55 64.64 66.71 68.68 70.57 72.41 74.22 75.86 77.11 78.17 79.17 80.16 81.1 81.79 81.63 81.25 80.95 79.04 75.95 74.1 73.79 74.62 75.99 76.56 76.41 76.37 76.84 77.92 79.79 83.24
59.66 59.78 61.32 64.27 67.86 71.63 75.25 78.6 81.75 84.49 86.81 88.66 90.39 91.29 92.07 92.54 92.68 92.55 92.27 91.59 90.93 89.71 88.12 85.79 83.17 80.09 76.77 73.22 69.45 65.39 61.13 57.92 56.21 55.02 54.49 54.38 54.47 54.76 55.5 56.95 58.96 61.24 63.61 65.88 68.11 70.26 72.28 74.26 76.16 78.03 79.87 80.86 81.77 82.65 83.47 84.21 84.67 84.71 84.44 83.78 82.19 79.91 78.22 78.43 79.49 80.86 80.74 79.27 78.04 77.79 78.7 80.95 84.7
64.9 64.82 66.04 68.2 70.92 73.87 76.86 79.76 82.51 85.06 87.3 89.1 90.76 91.99 92.67 93.42 93.72 93.49 93.58 93.15 92.36 91.32 89.8 87.87 85.52 82.92 80.07 76.94 73.51 69.57 65.27 61.83 59.63 57.97 57.73 57.76 57.76 57.76 58.08 59.71 62.07 64.56 67.03 69.43 71.7 73.89 75.94 77.9 79.76 81.51 83.04 84.16 85.04 85.85 86.56 87.14 87.5 87.56 87.27 86.52 85.33 83.74 82.52 82.96 83.86 84.48 83.97 82.06 79.78 78.67 79.32 81.67 85.56
70.32 70.12 70.91 72.29 74.08 76.19 78.54 80.98 83.37 85.64 87.8 89.57 91.11 92.37 93.25 94 94.42 94.64 94.67 94.42 93.77 92.73 91.47 89.7 87.95 85.78 83.43 80.83 78.05 74.56 70.65 67.26 64.5 62.42 62.13 62.05 61.89 61.7 61.67 63.33 65.7 68.19 70.7 73.15 75.45 77.59 79.61 81.51 83.26 84.83 86.18 87.25 88.11 88.83 89.44 89.9 90.2 90.25 90.02 89.49 88.66 87.77 87.29 87.56 88.23 88.66 88.13 86.07 82.62 79.56 79.88 81.98 86.1
74.73 74.66 75.34 76.15 77 78.29 80.09 82.17 84.26 86.34 88.32 90 91.53 92.74 93.63 94.47 95.08 95.67 95.71 95.34 94.88 94.23 93.17 91.96 90.35 88.68 86.71 84.6 82.41 79.44 76 72.97 70.46 68.63 67.67 67.19 66.86 66.66 66.89 68 69.86 72.09 74.53 77.03 79.26 81.31 83.25 85.05 86.65 88.07 89.25 90.22 90.97 91.61 92.13 92.53 92.81 92.91 92.78 92.44 91.95 91.54 91.45 91.84 92.56 93.28 93.38 91.7 87.63 83.22 80.86 81.89 86.65
77.7 77.95 79.04 79.29 79.39 79.9 81.46 83.23 85.04 86.88 88.79 90.29 91.71 92.96 93.91 94.87 95.61 96.3 96.28 96.22 96.04 95.58 94.81 93.91 92.72 91.41 89.83 88.06 86.07 83.64 80.99 78.54 76.47 74.72 73.5 72.74 72.25 71.96 72.06 72.77 74.13 76.04 78.33 80.78 82.93 84.93 86.82 88.54 90.01 91.25 92.27 93.06 93.68 94.21 94.66 95.01 95.3 95.45 95.45 95.27 95.01 94.88 95.03 95.56 96.43 97.57 98.88 98.45 93.67 87.92 82.84 82.02 87.95
79.12 79.62 80.48 80.85 81.05 81.6 82.71 84.19 85.67 87.39 88.99 90.49 91.72 93.05 94.1 94.91 95.92 96.54 96.95 97.16 97.15 96.86 96.4 95.61 94.93 93.94 92.76 91.33 89.63 87.65 85.56 83.63 81.94 80.37 79.09 78.23 77.72 77.17 76.99 77.36 78.24 79.85 81.95 84.18 86.34 88.4 90.3 91.94 93.28 94.35 95.15 95.73 96.2 96.56 96.94 97.27 97.59 97.87 98.04 97.92 97.72 97.72 98 98.59 99.46 100.6 101.6 101.2 97.75 93.07 89.04 88.02 90.98
79.19 79.92 80.73 81.37 81.93 82.62 83.57 84.82 86.02 87.5 89 90.4 91.74 92.83 93.95 95.03 96.11 97.01 97.44 97.84 98.04 97.98 97.77 97.39 96.85 96.32 95.55 94.48 93.05 91.4 89.71 88.12 86.68 85.34 84.16 83.24 82.58 81.9 81.56 81.7 82.34 83.63 85.45 87.46 89.57 91.66 93.6 95.21 96.38 97.27 97.83 98.17 98.45 98.76 98.96 99.35 99.6 99.92 100.3 100.2 100 100 100.4 100.9 101.6 102.3 102.7 102.1 100.3 97.88 95.68 93.99 94.52
