Proyecto/Data/BAT/ENBAT_6.grd
DSAA
401 601
528266 532266
3510112 3516112
-274.41098231528 331.8603452368
[rows 256 to 287 of 601, columns 146 to 218 of 401]
-92.82 -92.81 -92.81 -92.99 -93 -93.01 -93.11 -93.13 -93.15 -93.17 -93.2 -93.04 -93.07 -93.1 -93.13 -93.16 -93.16 -93.2 -93.23 -93.26 -93.3 -93.33 -93.37 -93.4 -93.43 -90.52 -90.6 -90.61 -90.56 -90.57 -90.58 -90.59 -91.07 -91.02 -91.03 -91.11 -91.11 -91.11 -91.05 -91.03 -91 -90.97 -90.93 -90.84 -90.78 -90.75 -90.56 -90.51 -90.75 -90.59 -90.56 -90.41 -90.24 -90.06 -89.83 -89.38 -89.13 -88.85 -88.55 -88.23 -86.23 -85.9 -85.54 -85.15 -84.73 -82.56 -84.24 -83.77 -83.28 -82.64 -81.99 -80.97 -80.1
-93.51 -93.52 -93.54 -93.56 -93.58 -93.61 -93.64 -93.65 -93.69 -93.73 -93.77 -93.89 -93.94 -93.99 -94.04 -94.09 -94.14 -93.95 -94 -94.05 -94.1 -94.15 -91.75 -91.79 -91.82 -91.86 -91.89 -92.55 -92.59 -92.62 -92.65 -92.82 -92.93 -92.91 -92.93 -92.93 -92.94 -92.61 -92.56 -92.55 -92.54 -92.52 -92.49 -92.45 -92.41 -90.2 -90.06 -89.48 -89.76 -89.83 -89.72 -89.6 -89.38 -89.23 -89.21 -88.99 -88.77 -88.53 -88.26 -87.97 -87.47 -87.12 -86.73 -86.31 -84.05 -84.48 -83.76 -83.48 -83.48 -82.78 -81.46 -80.64 -79.77
-92.96 -92.96 -92.96 -92.97 -93.39 -93.42 -93.44 -93.47 -93.51 -93.53 -93.57 -93.61 -93.65 -93.78 -93.59 -93.64 -93.68 -93.73 -93.77 -93.82 -91.54 -91.57 -91.6 -91.63 -91.66 -92.29 -92.32 -92.35 -92.38 -92.41 -92.44 -92.57 -92.59 -92.57 -92.26 -92.26 -90.1 -89.77 -89.74 -89.74 -89.73 -89.71 -89.72 -89.29 -89.26 -89.44 -89.34 -89.48 -89.7 -89.72 -89.54 -89.38 -89.23 -89.05 -88.97 -88.76 -88.28 -88.03 -87.59 -87.29 -87.01 -86.64 -86.23 -84.92 -84.42 -84.03 -83.53 -82.97 -82.1 -81.43 -80.75 -79.93 -79
-91.54 -91.51 -92.5 -92.5 -92.5 -92.51 -92.52 -92.53 -92.55 -92.43 -92.45 -92.47 -92.42 -92.45 -92.47 -92.5 -92.24 -92.26 -92.29 -90.11 -90.12 -90.13 -90.15 -90.72 -90.74 -90.75 -90.25 -90.26 -90.3 -90.31 -90.32 -90.39 -90.07 -90.07 -90.07 -90.05 -90.04 -90.03 -89.99 -89.96 -89.93 -89.9 -89.57 -89.52 -89.46 -89.4 -89.27 -89.14 -89.32 -89.23 -89.09 -88.94 -88.77 -88.58 -88.41 -88.18 -87.92 -87.49 -87.19 -86.72 -86.35 -85.13 -84.69 -84.06 -83.98 -83.24 -82.72 -82.15 -81.53 -80.84 -80.13 -79.29 -78.38
-91.39 -91.35 -91.32 -91.29 -91.27 -91.25 -91.23 -90.83 -90.81 -90.7 -90.68 -90.67 -90.67 -90.66 -90.66 -90.66 -90.78 -88.31 -88.29 -88.27 -88.8 -88.93 -88.92 -88.91 -88.9 -88.89 -88.88 -88.87 -88.88 -88.51 -88.58 -88.6 -88.58 -88.57 -88.54 -88.51 -88.47 -88.44 -88.38 -88.01 -87.97 -87.91 -87.89 -87.79 -87.72 -86.87 -86.85 -86.99 -87.13 -86.89 -86.73 -86.55 -86.36 -86.08 -85.85 -85.44 -85.18 -84.9 -84.59 -84.26 -84.3 -83.99 -82.94 -83.07 -82.64 -82.16 -81.69 -81.12 -80.5 -79.82 -79.1 -78.28 -75.97
-91.23 -91.19 -91.16 -91.13 -91.1 -91.08 -90.97 -90.95 -90.53 -90.51 -90.5 -90.48 -90.47 -90.46 -90.45 -90.45 -88.58 -88.69 -89.18 -88.64 -88.62 -88.75 -88.74 -88.72 -88.71 -88.69 -88.68 -88.34 -88.4 -88.38 -88.36 -88.37 -88.35 -88.32 -88.29 -88.25 -88.21 -88.16 -88.1 -88.04 -87.67 -87.6 -87.55 -87.47 -87.44 -86.53 -86.62 -86.63 -86.76 -86.51 -86.33 -86.14 -85.94 -85.71 -85.31 -85.05 -84.72 -84.42 -86.41 -84.16 -83.85 -83.37 -82.99 -82.58 -82.22 -81.72 -81.18 -80.6 -79.96 -79.26 -78.53 -76.18 -75.51
-90.44 -90.38 -90.33 -90.28 -90.24 -90.2 -90.16 -90.13 -90.1 -90.23 -89.04 -89 -88.97 -88.94 -88.91 -88.89 -88.86 -88.84 -88.82 -88.41 -88.38 -88.36 -88.34 -88.32 -88.3 -88.05 -88.02 -88.01 -87.99 -87.96 -87.74 -87.75 -87.71 -87.68 -87.64 -87.59 -87.54 -87.49 -87.41 -87.35 -87.28 -87.18 -87.11 -87.01 -86.97 -86.1 -85.95 -85.97 -86.1 -85.93 -85.74 -85.54 -85.32 -85.09 -84.86 -84.59 -86.58 -84.33 -83.72 -83.77 -83.31 -82.95 -82.55 -82.12 -81.65 -81.06 -80.99 -80.37 -77.42 -76.92 -76.38 -75.75 -75
-90.29 -90.23 -90.17 -90.12 -90.07 -90.03 -90.14 -90.11 -88.98 -88.93 -88.89 -88.85 -88.82 -88.78 -88.75 -88.72 -88.69 -88.67 -88.64 -88.62 -88.2 -88.17 -87.93 -87.9 -87.87 -87.84 -87.83 -87.8 -87.77 -87.73 -87.7 -87.52 -87.47 -87.43 -87.39 -87.33 -87.27 -87.21 -87.13 -87.03 -86.95 -86.86 -86.78 -86.74 -86.63 -86.6 -85.99 -85.74 -85.86 -85.69 -85.5 -85.29 -85.06 -84.82 -86.23 -85.77 -83.75 -83.6 -83.53 -83.2 -82.84 -82.46 -82.05 -82.13 -81.63 -81.11 -80.1 -77.6 -77.09 -76.56 -75.94 -75.39 -74.58
-90.13 -90.07 -90.01 -90.1 -90.05 -90.01 -88.94 -88.88 -88.83 -88.78 -88.74 -88.7 -88.66 -88.62 -88.58 -88.55 -88.52 -88.49 -88.46 -88.43 -87.81 -87.77 -87.74 -87.7 -87.67 -87.65 -87.62 -87.58 -87.54 -87.5 -87.46 -87.46 -87.24 -87.18 -87.14 -87.06 -87 -86.93 -86.81 -86.73 -86.64 -86.58 -86.45 -86.62 -86.49 -86.25 -85.64 -85.57 -85.48 -85.31 -85.1 -84.88 -86.85 -86.6 -85.56 -83.6 -83.03 -82.96 -82.62 -82.28 -82.92 -82.51 -82.07 -81.6 -80.66 -80.12 -77.67 -77.22 -76.72 -76.22 -75.62 -74.86 -74.14
-90.1 -90.04 -89.98 -89.93 -88.92 -88.85 -88.79 -88.74 -88.68 -88.63 -88.58 -88.54 -88.5 -88.45 -88.42 -88.38 -88.34 -88.31 -88.03 -88 -87.96 -87.58 -87.54 -87.5 -87.46 -87.44 -87.4 -87.36 -87.31 -87.27 -87.22 -87.21 -87.17 -86.92 -86.87 -86.79 -86.7 -86.62 -86.51 -86.42 -86.36 -86.46 -86.4 -86.27 -86.14 -85.89 -85.27 -85.44 -85.3 -85.08 -87.05 -86.82 -86.39 -85.55 -83.28 -83.21 -82.93 -83.19 -82.86 -82.5 -82.3 -81.88 -80.73 -80.28 -79.8 -77.37 -77.37 -76.95 -76.42 -75.79 -75.15 -74.48 -73.71
-89.94 -89.88 -89.81 -88.85 -88.78 -88.71 -88.65 -88.59 -88.53 -88.48 -88.42 -88.38 -88.33 -88.28 -88.24 -87.97 -87.93 -87.89 -87.84 -87.8 -87.76 -87.72 -87.34 -87.29 -87.27 -87.22 -87.17 -87.13 -87.08 -87.02 -86.97 -86.97 -86.91 -86.85 -86.6 -86.49 -86.41 -86.32 -86.21 -86.35 -86.24 -86.13 -86.06 -85.93 -85.78 -85.52 -84.91 -85.07 -87.05 -86.83 -86.42 -86.18 -85.92 -83.74 -83.62 -83.34 -83.04 -82.72 -82.38 -82.01 -81.79 -80.91 -80.46 -79.99 -79.41 -77.16 -76.75 -76.28 -75.72 -75.15 -74.55 -73.88 -73.31
-90 -89.1 -88.79 -88.71 -88.63 -88.56 -88.5 -88.43 -88.37 -88.32 -88.26 -88.21 -88.16 -87.89 -87.84 -87.79 -87.74 -87.7 -87.65 -87.61 -87.56 -87.52 -87.48 -87.08 -87.05 -87 -86.95 -86.89 -86.84 -86.78 -86.72 -86.71 -86.64 -86.56 -86.48 -86.21 -86.12 -86.22 -86.14 -86.03 -85.92 -85.8 -85.72 -85.58 -85.42 -85.16 -86.7 -86.78 -86.44 -86.21 -85.98 -83.81 -84.34 -84.08 -83.2 -82.89 -82.58 -82.25 -81.89 -81.05 -80.66 -80.25 -79.96 -79.41 -77.19 -76.81 -76.31 -75.83 -75.3 -74.74 -74.13 -73.45 -72.79
-89.05 -88.97 -88.89 -88.57 -88.49 -88.42 -88.35 -88.28 -88.22 -88.16 -87.89 -87.83 -87.77 -87.72 -87.66 -87.61 -87.56 -87.51 -87.46 -87.41 -87.36 -87.31 -87.26 -87.23 -86.83 -86.77 -86.72 -86.66 -86.6 -86.53 -86.47 -86.45 -86.35 -86.28 -86.2 -86.28 -86.01 -85.91 -85.83 -85.71 -85.59 -85.46 -85.38 -85.23 -87.06 -86.81 -86.75 -86.18 -86.02 -85.78 -84.41 -84.18 -83.93 -83.66 -82.76 -82.45 -82.12 -81.31 -80.96 -80.59 -80.19 -79.77 -79.26 -77.17 -76.85 -76.38 -75.93 -75.43 -74.9 -74.34 -73.73 -73.14 -72.37
-88.91 -88.82 -88.74 -88.66 -88.34 -88.26 -88.19 -88.12 -87.86 -87.79 -87.72 -87.66 -87.6 -87.54 -87.48 -87.43 -87.37 -87.32 -87.26 -87.21 -87.15 -87.1 -87.07 -87.01 -86.96 -86.55 -86.48 -86.42 -86.35 -86.28 -86.21 -86.16 -86.08 -86.19 -86.1 -85.99 -85.71 -85.61 -85.51 -85.39 -85.26 -85.12 -85.03 -86.82 -86.65 -86.22 -86.15 -85.77 -83.81 -84.25 -84.02 -83.78 -83.52 -83.24 -82.32 -81.53 -81.21 -80.87 -80.52 -80.13 -79.73 -79.23 -77.18 -76.75 -76.37 -76.01 -75.54 -75.05 -74.52 -73.95 -73.44 -72.74 -71.94
-88.78 -88.69 -88.6 -88.52 -88.44 -87.93 -87.85 -87.78 -87.7 -87.63 -87.56 -87.5 -87.43 -87.37 -87.31 -87.25 -87.19 -87.13 -87.07 -87.01 -86.95 -86.89 -86.86 -86.79 -86.73 -86.67 -86.25 -86.18 -86.11 -86.01 -85.93 -85.9 -85.99 -85.91 -85.81 -85.69 -85.58 -85.3 -85.19 -85.06 -84.92 -86.66 -86.57 -86.23 -86.06 -85.91 -85.71 -84.23 -84.05 -83.81 -83.58 -83.33 -83.06 -82.78 -81.37 -81.07 -80.75 -80.4 -80.04 -79.65 -79.19 -77.15 -76.74 -76.38 -75.99 -75.58 -75.15 -74.66 -74.13 -73.66 -73.04 -72.3 -71.57
-88.63 -88.54 -88.45 -88.17 -88.08 -88 -87.7 -87.62 -87.54 -87.46 -87.39 -87.32 -87.25 -87.19 -87.12 -87.05 -86.99 -86.93 -86.86 -86.8 -86.74 -86.7 -86.63 -86.57 -86.5 -86.43 -86.36 -85.94 -85.84 -85.75 -85.84 -85.8 -85.71 -85.62 -85.51 -85.39 -85.28 -85.17 -84.87 -86.56 -86.42 -86.1 -86 -85.84 -85.66 -84.71 -84.21 -83.87 -83.68 -83.43 -83.19 -82.93 -82.19 -81.91 -80.96 -80.65 -80.32 -79.97 -79.59 -79.15 -77.07 -76.75 -76.4 -76.04 -75.64 -75.22 -74.76 -74.41 -73.86 -73.29 -72.6 -71.93 -71.28
-88.5 -88.4 -88.31 -88.22 -88.14 -88.05 -87.98 -87.65 -87.57 -87.49 -87.42 -87.35 -87.28 -86.94 -86.86 -86.79 -86.72 -86.65 -86.58 -86.11 -86.04 -85.99 -85.91 -85.83 -85.76 -85.68 -85.59 -85.51 -85.42 -85.33 -85.24 -85.19 -85.09 -84.99 -84.88 -84.98 -84.87 -84.74 -84.6 -86 -85.86 -85.71 -84.82 -84.66 -84.22 -84.03 -83.84 -83.5 -83.26 -82.36 -82.1 -81.83 -81.55 -81.25 -80.39 -80.07 -79.75 -79.4 -77.42 -77.12 -76.8 -76.47 -76.07 -75.69 -75.29 -75.02 -74.54 -74.02 -73.5 -72.85 -72.23 -71.64 -70.89
-88.35 -88.25 -88.16 -88.07 -87.98 -87.9 -87.81 -87.73 -87.4 -87.32 -87.25 -86.91 -86.83 -86.75 -86.68 -86.6 -86.52 -86.45 -86.37 -86.3 -86.24 -85.77 -85.69 -85.61 -85.52 -85.44 -85.35 -85.26 -85.17 -85.07 -84.97 -84.92 -84.82 -84.88 -84.76 -84.69 -84.57 -86.23 -85.91 -85.77 -85.49 -84.64 -84.47 -84.04 -83.86 -83.67 -83.43 -83.09 -82.89 -81.97 -81.71 -81.43 -80.6 -80.31 -79.99 -79.67 -79.33 -77.4 -77.11 -76.81 -76.48 -76.09 -75.73 -75.35 -75.1 -74.64 -74.16 -73.67 -73.06 -72.48 -71.96 -71.25 -70.5
-88.21 -88.1 -88.01 -87.91 -87.82 -87.73 -87.65 -87.57 -87.49 -86.9 -86.81 -86.73 -86.65 -86.57 -86.48 -86.41 -86.33 -86.25 -86.17 -86.11 -86.03 -85.95 -85.86 -85.38 -85.29 -85.2 -85.11 -85.01 -84.92 -84.81 -84.71 -84.65 -84.7 -84.59 -84.47 -86.07 -85.83 -85.7 -85.55 -84.67 -84.51 -84.04 -83.87 -83.7 -83.46 -83.26 -83.07 -82.72 -82.51 -81.58 -81.31 -80.5 -80.22 -79.93 -79.59 -79.27 -77.37 -77.09 -76.8 -76.49 -76.11 -75.76 -75.44 -75.16 -74.73 -74.28 -73.72 -73.24 -72.69 -72.12 -71.58 -70.88 -70.13
-88.06 -87.95 -87.85 -87.76 -87.66 -87.57 -87.48 -87.13 -87.04 -86.95 -86.64 -86.55 -86.46 -86.38 -86.29 -86.21 -86.13 -86.04 -85.96 -85.89 -85.81 -85.72 -85.63 -85.55 -85.06 -84.96 -84.86 -84.76 -84.66 -84.55 -84.6 -84.54 -86.08 -85.98 -85.69 -85.56 -85.49 -85.35 -84.48 -84.33 -83.97 -83.8 -83.48 -83.3 -83.11 -82.9 -82.7 -82.65 -81.47 -81.19 -80.41 -80.13 -79.84 -79.54 -79.2 -77.34 -77.07 -76.79 -76.49 -76.13 -75.84 -75.48 -75.22 -74.81 -74.38 -73.84 -73.39 -72.88 -72.34 -71.79 -71.21 -70.51 -69.78
-87.91 -87.8 -87.7 -87.6 -87.5 -87.15 -87.05 -86.96 -86.87 -86.78 -86.69 -86.37 -86.28 -86.19 -86.1 -86.01 -85.92 -85.84 -85.77 -85.68 -85.59 -85.5 -85.41 -85.31 -85.22 -85.12 -84.62 -84.51 -84.4 -84.45 -85.93 -85.87 -85.6 -85.49 -85.36 -85.23 -85.15 -84.31 -83.9 -83.74 -83.59 -83.42 -83.24 -82.96 -82.75 -82.54 -82.37 -82.34 -80.58 -80.3 -80.03 -79.76 -79.47 -77.59 -77.32 -77.05 -76.78 -76.49 -76.19 -75.86 -75.51 -75.27 -74.88 -74.46 -73.95 -73.53 -73.05 -72.53 -72.03 -71.44 -70.85 -70.17 -69.44
-87.76 -87.65 -87.55 -87.2 -87.09 -86.99 -86.89 -86.79 -86.69 -86.6 -86.51 -86.42 -86.33 -86 -85.91 -85.82 -85.72 -85.63 -85.56 -85.46 -85.37 -85.27 -85.18 -85.08 -84.98 -84.87 -84.77 -84.83 -85.84 -85.74 -85.63 -85.4 -85.28 -85.16 -85.03 -84.22 -84.04 -83.74 -83.58 -83.44 -83.26 -83.08 -82.89 -82.7 -82.4 -82.18 -82 -81.43 -80.23 -79.94 -79.67 -79.38 -77.55 -77.31 -77.03 -76.76 -76.48 -76.19 -75.88 -75.68 -75.31 -74.94 -74.54 -74.05 -73.62 -73.2 -72.71 -72.23 -71.68 -71.1 -70.51 -69.84 -69.11
-87.61 -87.27 -87.15 -87.04 -86.93 -86.83 -86.72 -86.62 -86.52 -86.42 -86.33 -86.23 -86.14 -86.06 -85.71 -85.62 -85.52 -85.44 -85.35 -85.25 -85.15 -85.05 -84.95 -84.84 -84.74 -84.79 -86.26 -86.15 -86.05 -85.28 -85.16 -85.09 -84.96 -84.84 -84.02 -83.87 -83.52 -83.38 -83.22 -83.11 -82.93 -82.74 -82.54 -82.35 -82.13 -81.28 -81.11 -81.09 -80.12 -79.59 -79.31 -77.52 -77.28 -77.02 -76.75 -76.48 -76.19 -75.89 -75.7 -75.36 -74.99 -74.61 -74.13 -73.72 -73.29 -72.86 -72.42 -71.9 -71.35 -70.77 -70.18 -69.51 -68.83
-87.41 -87.12 -87 -86.88 -86.77 -86.66 -86.56 -86.45 -86.35 -86.25 -86.15 -86.05 -85.95 -85.85 -85.77 -85.67 -85.34 -85.24 -85.14 -85.03 -84.93 -84.82 -84.72 -84.61 -86.17 -86.07 -85.97 -85.71 -85.59 -85.48 -85.36 -84.78 -83.98 -83.85 -83.51 -83.32 -83.16 -83.01 -82.97 -82.79 -82.6 -82.41 -82.2 -82 -81.24 -80.95 -80.78 -80.74 -79.76 -79.47 -77.7 -77.25 -77 -76.75 -76.47 -76.18 -75.9 -75.72 -75.39 -75.04 -74.66 -74.2 -73.81 -73.4 -72.97 -72.59 -72.1 -71.57 -71.03 -70.46 -69.87 -69.23 -68.64
-87.26 -87.14 -87.02 -86.73 -86.61 -86.5 -86.39 -86.28 -86.17 -86.07 -85.96 -85.86 -85.76 -85.66 -85.56 -85.47 -85.39 -85.29 -84.92 -84.82 -84.71 -84.6 -86.09 -85.99 -85.92 -85.64 -85.53 -85.41 -85.3 -85.17 -85.05 -84.29 -84.16 -83.32 -83.17 -83.02 -82.86 -82.69 -82.65 -82.47 -82.27 -82.07 -81.33 -81.12 -80.91 -80.67 -80.44 -80.4 -79.41 -77.69 -77.43 -77.18 -76.92 -76.65 -76.36 -76.07 -75.88 -75.45 -75.11 -74.67 -74.3 -73.93 -73.53 -73.11 -72.73 -72.29 -71.8 -71.28 -70.73 -70.16 -69.57 -69.01 -68.39
-86.84 -86.71 -86.58 -86.46 -86.34 -86.22 -86.1 -85.99 -85.88 -85.76 -85.65 -85.55 -85.44 -85.33 -85.22 -85.14 -85.03 -84.69 -84.58 -84.47 -84.35 -84.24 -84.12 -84 -85.46 -85.35 -84.57 -84.45 -84.33 -84.2 -84.07 -83.78 -83.25 -83.1 -82.95 -82.79 -82.62 -82.45 -82.34 -82 -81.8 -81.6 -81.38 -81.16 -80.92 -80.62 -80.43 -78.58 -77.62 -77.36 -77.17 -76.91 -76.65 -76.37 -76.13 -75.82 -75.37 -75.05 -74.71 -74.36 -74 -73.62 -73.22 -72.86 -72.43 -71.98 -71.49 -70.98 -70.45 -69.89 -69.31 -68.77 -68.17
-86.85 -86.56 -86.43 -86.3 -86.18 -86.06 -85.94 -85.82 -85.7 -85.59 -85.48 -85.36 -85.25 -85.14 -85.05 -84.94 -84.83 -84.72 -84.37 -84.25 -84.14 -84.02 -85.41 -85.3 -85.19 -84.43 -84.31 -84.19 -84.06 -83.73 -83.59 -83.5 -83.35 -83.21 -82.67 -82.49 -82.32 -81.99 -81.88 -81.68 -81.48 -81.27 -81.05 -80.82 -80.58 -78.5 -78.32 -78.33 -77.36 -77.16 -76.91 -76.64 -76.37 -76.25 -75.94 -75.49 -75.08 -74.75 -74.41 -74.06 -73.7 -73.32 -72.97 -72.57 -72.13 -71.68 -71.2 -70.71 -70.17 -69.65 -69.12 -68.55 -67.97
-86.7 -86.57 -86.44 -86.15 -86.02 -85.9 -85.77 -85.65 -85.53 -85.42 -85.3 -85.18 -85.07 -84.95 -84.86 -84.74 -84.63 -84.51 -84.39 -84.04 -85.38 -85.27 -85.15 -84.42 -84.3 -84.18 -84.05 -83.92 -83.6 -83.46 -83.32 -83.22 -83.06 -82.91 -82.75 -82.56 -81.87 -81.69 -81.57 -81.37 -81.16 -80.95 -80.72 -80.49 -78.47 -78.26 -78.07 -78.08 -77.16 -76.9 -76.64 -76.37 -76.26 -75.96 -75.51 -75.2 -74.88 -74.55 -74.2 -73.77 -73.4 -73.07 -72.68 -72.27 -71.83 -71.39 -70.92 -70.41 -69.92 -69.42 -68.9 -68.35 -67.78
-86.5 -86.36 -86.23 -86.13 -85.84 -85.71 -85.59 -85.46 -85.34 -85.22 -85.1 -84.98 -84.86 -84.8 -84.66 -84.54 -84.42 -84.3 -85.7 -85.59 -85.12 -84.41 -84.29 -84.17 -84.04 -83.91 -83.6 -83.47 -83.33 -83.18 -83.04 -82.93 -82.77 -82.62 -82.29 -82.13 -81.94 -81.4 -81.2 -81 -80.79 -80.57 -80.4 -78.44 -78.24 -78.03 -77.82 -77.9 -76.92 -76.65 -76.38 -76.27 -75.98 -75.55 -75.24 -74.92 -74.6 -74.26 -73.91 -73.55 -73.22 -72.83 -72.44 -72.01 -71.57 -71.13 -70.66 -70.17 -69.69 -69.23 -68.73 -68.21 -67.66
-86.35 -86.21 -86.08 -85.98 -85.85 -85.55 -85.43 -85.3 -85.17 -85.05 -84.92 -84.8 -84.68 -84.59 -84.46 -84.34 -85.67 -85.56 -85.45 -85.34 -84.64 -84.17 -84.05 -83.92 -83.79 -83.49 -83.35 -83.21 -83.06 -82.92 -82.76 -82.65 -82.49 -82.18 -82 -81.83 -81.64 -81.44 -81.24 -80.69 -80.47 -80.25 -78.41 -78.21 -78 -77.83 -77.57 -77.64 -76.66 -76.38 -76.27 -75.98 -75.56 -75.27 -74.95 -74.64 -74.31 -73.97 -73.62 -73.31 -72.92 -72.55 -72.14 -71.72 -71.29 -70.85 -70.37 -69.92 -69.49 -69.02 -68.53 -68.03 -67.51
-86.25 -86.11 -85.97 -85.84 -85.7 -85.57 -85.28 -85.14 -85.01 -84.89 -84.76 -84.63 -84.5 -84.38 -84.25 -85.53 -85.42 -85.31 -84.63 -84.51 -84.39 -84.26 -84.14 -83.5 -83.36 -83.22 -83.08 -82.94 -82.79 -82.63 -82.48 -82.22 -82.05 -81.87 -81.7 -81.52 -81.33 -81.13 -80.92 -80.7 -80.47 -78.31 -78.11 -77.91 -77.74 -77.57 -77.32 -77.34 -76.36 -76.24 -75.96 -75.55 -75.26 -74.96 -74.65 -74.38 -74.05 -73.71 -73.4 -73.04 -72.65 -72.27 -71.86 -71.44 -71.01 -70.55 -70.13 -69.69 -69.27 -68.82 -68.35 -67.86 -67.35
-86.11 -85.97 -85.82 -85.69 -85.55 -85.41 -85.28 -84.98 -84.85 -84.71 -84.58 -84.45 -84.32 -85.54 -85.42 -85.31 -84.65 -84.53 -84.41 -84.28 -84.15 -84.02 -83.74 -83.6 -83.12 -82.98 -82.83 -82.68 -82.53 -82.37 -82.06 -81.95 -81.77 -81.59 -81.41 -81.23 -81.03 -80.82 -80.6 -80.38 -78.57 -78.37 -78.15 -77.72 -77.5 -77.33 -77.08 -76.6 -76.26 -75.97 -75.57 -75.29 -74.99 -74.69 -74.38 -74.06 -73.77 -73.48 -73.12 -72.76 -72.38 -71.98 -71.57 -71.16 -70.7 -70.3 -69.88 -69.48 -69.07 -68.8 -68.18 -67.71 -67.21
