Proyecto/Data/BAT/ENBAT_6.grd
DSAA
401 601
528266 532266
3510112 3516112
-274.41098231528 331.8603452368
[rows 32 to 63 of 601, columns 0 to 72 of 401]
-151.1 -150.3 -149.6 -148.8 -148.1 -147.3 -146.5 -145.8 -145 -144.2 -143.5 -142.7 -142 -141.2 -140.4 -139.7 -138.9 -138.2 -137.4 -136.7 -135.9 -135.2 -134.4 -133.7 -132.9 -132.2 -131.4 -130.7 -129.9 -129.2 -128.5 -127.7 -127.1 -126.3 -125.6 -124.8 -124.1 -123.4 -122.7 -121.9 -121.2 -120.5 -119.7 -119 -118.3 -117.4 -116.7 -116 -115.2 -114.5 -113.8 -113.1 -112.4 -111.7 -111.1 -110.4 -109.7 -109 -108.4 -107.7 -107.1 -106.4 -105.8 -105.2 -104.5 -103.9 -103.3 -102.7 -102.2 -101.6 -101.1 -100.6 -100.2
-151.3 -150.5 -149.7 -149 -148.2 -147.5 -146.7 -145.9 -145.2 -144.4 -143.6 -142.9 -142.1 -141.4 -140.6 -139.8 -139.1 -138.3 -137.6 -136.8 -136.1 -135.3 -134.6 -133.8 -133.1 -132.3 -131.6 -130.8 -130.1 -129.3 -128.6 -127.9 -127.2 -126.4 -125.7 -125 -124.2 -123.5 -122.8 -122.1 -121.3 -120.6 -119.8 -119.1 -118.4 -117.5 -116.8 -116.1 -115.4 -114.6 -113.9 -113.2 -112.5 -111.8 -111.2 -110.5 -109.8 -109.1 -108.5 -107.8 -107.2 -106.5 -105.9 -105.3 -104.7 -104.1 -103.5 -102.9 -102.3 -101.8 -101.3 -100.8 -100.3
-151.4 -150.7 -149.9 -149.1 -148.4 -147.6 -146.8 -146.1 -145.3 -144.6 -143.8 -143 -142.3 -141.5 -140.7 -140 -139.2 -138.5 -137.7 -137 -136.2 -135.5 -134.7 -134 -133.2 -132.4 -131.7 -131 -130.2 -129.5 -128.7 -128 -127.3 -126.6 -125.8 -125.1 -124.3 -123.6 -122.9 -122.2 -121.4 -120.7 -119.9 -119.2 -118.5 -117.6 -116.9 -116.2 -115.5 -114.8 -114 -113.3 -112.6 -111.9 -111.3 -110.6 -109.9 -109.3 -108.6 -107.9 -107.3 -106.7 -106 -105.4 -104.8 -104.2 -103.6 -103 -102.5 -101.9 -101.4 -100.9 -100.5
-151.6 -150.8 -150.1 -149.3 -148.5 -147.8 -147 -146.2 -145.5 -144.7 -144 -143.2 -142.4 -141.7 -140.9 -140.1 -139.4 -138.6 -137.9 -137.1 -136.4 -135.6 -134.8 -134.1 -133.3 -132.6 -131.8 -131.1 -130.3 -129.6 -128.8 -128.2 -127.4 -126.7 -125.9 -125.2 -124.5 -123.7 -123 -122.3 -121.6 -120.8 -120 -119.3 -118.6 -117.7 -117 -116.3 -115.6 -114.9 -114.1 -113.4 -112.7 -112.1 -111.4 -110.7 -110 -109.4 -108.7 -108.1 -107.4 -106.8 -106.2 -105.5 -104.9 -104.3 -103.7 -103.2 -102.6 -102.1 -101.6 -101.1 -100.6
-151.8 -151 -150.2 -149.5 -148.7 -147.9 -147.2 -146.4 -145.6 -144.9 -144.1 -143.3 -142.6 -141.8 -141 -140.3 -139.5 -138.8 -138 -137.3 -136.5 -135.7 -135 -134.2 -133.5 -132.7 -132 -131.2 -130.5 -129.7 -129 -128.3 -127.6 -126.8 -126.1 -125.3 -124.6 -123.9 -123.1 -122.4 -121.7 -121 -120.2 -119.4 -118.7 -117.8 -117.1 -116.4 -115.7 -115 -114.3 -113.5 -112.8 -112.2 -111.5 -110.8 -110.1 -109.5 -108.8 -108.2 -107.5 -106.9 -106.3 -105.7 -105.1 -104.5 -103.9 -103.3 -102.8 -102.2 -101.7 -101.2 -100.7
-152 -151.2 -150.4 -149.6 -148.9 -148.1 -147.3 -146.6 -145.8 -145 -144.3 -143.5 -142.7 -142 -141.2 -140.4 -139.7 -138.9 -138.2 -137.4 -136.6 -135.9 -135.1 -134.4 -133.6 -132.9 -132.1 -131.4 -130.6 -129.9 -129.1 -128.4 -127.7 -126.9 -126.2 -125.5 -124.7 -124 -123.2 -122.5 -121.8 -121.1 -120.3 -119.6 -118.8 -118 -117.2 -116.5 -115.8 -115.1 -114.4 -113.7 -113 -112.3 -111.6 -110.9 -110.3 -109.6 -109 -108.3 -107.7 -107 -106.4 -105.8 -105.2 -104.6 -104 -103.5 -102.9 -102.4 -101.9 -101.4 -100.9
-152.1 -151.4 -150.6 -149.8 -149 -148.3 -147.5 -146.7 -146 -145.2 -144.4 -143.7 -142.9 -142.1 -141.4 -140.6 -139.8 -139.1 -138.3 -137.6 -136.8 -136 -135.3 -134.5 -133.8 -133 -132.3 -131.5 -130.7 -130 -129.2 -128.6 -127.8 -127.1 -126.3 -125.6 -124.8 -124.1 -123.4 -122.7 -121.9 -121.2 -120.4 -119.7 -119 -118.1 -117.4 -116.7 -116 -115.3 -114.6 -113.9 -113.2 -112.4 -111.7 -111.1 -110.4 -109.7 -109.1 -108.4 -107.8 -107.2 -106.5 -105.9 -105.3 -104.7 -104.2 -103.6 -103.1 -102.5 -102 -101.5 -101
-152.3 -151.5 -150.8 -150 -149.2 -148.4 -147.7 -146.9 -146.1 -145.4 -144.6 -143.8 -143 -142.3 -141.5 -140.7 -140 -139.2 -138.5 -137.7 -136.9 -136.2 -135.4 -134.7 -133.9 -133.1 -132.4 -131.6 -130.9 -130.1 -129.4 -128.7 -128 -127.2 -126.5 -125.7 -125 -124.2 -123.5 -122.8 -122.1 -121.3 -120.5 -119.8 -119.1 -118.2 -117.5 -116.8 -116.1 -115.4 -114.7 -114 -113.3 -112.5 -111.8 -111.2 -110.5 -109.9 -109.2 -108.6 -107.9 -107.3 -106.7 -106.1 -105.5 -104.9 -104.3 -103.8 -103.2 -102.7 -102.2 -101.6 -101.2
-152.5 -151.7 -150.9 -150.2 -149.4 -148.6 -147.8 -147.1 -146.3 -145.5 -144.8 -144 -143.2 -142.4 -141.7 -140.9 -140.1 -139.4 -138.6 -137.9 -137.1 -136.3 -135.6 -134.8 -134.1 -133.3 -132.5 -131.8 -131 -130.3 -129.5 -128.8 -128.1 -127.3 -126.6 -125.9 -125.1 -124.4 -123.6 -122.9 -122.2 -121.5 -120.7 -119.9 -119.2 -118.3 -117.6 -116.9 -116.2 -115.5 -114.8 -114.1 -113.4 -112.7 -112 -111.3 -110.6 -110 -109.3 -108.7 -108.1 -107.4 -106.8 -106.2 -105.6 -105 -104.5 -103.9 -103.3 -102.8 -102.3 -101.8 -101.3
-152.7 -151.9 -151.1 -150.3 -149.6 -148.8 -148 -147.2 -146.5 -145.7 -144.9 -144.2 -143.4 -142.6 -141.8 -141.1 -140.3 -139.5 -138.8 -138 -137.2 -136.5 -135.7 -135 -134.2 -133.4 -132.7 -131.9 -131.2 -130.4 -129.7 -129 -128.2 -127.5 -126.7 -126 -125.2 -124.5 -123.8 -123.1 -122.3 -121.6 -120.9 -120.1 -119.3 -118.5 -117.7 -117 -116.3 -115.6 -114.9 -114.2 -113.5 -112.9 -112.2 -111.4 -110.8 -110.1 -109.5 -108.8 -108.2 -107.6 -107 -106.3 -105.7 -105.2 -104.6 -104 -103.5 -102.9 -102.4 -101.9 -101.5
-152.8 -152.1 -151.3 -150.5 -149.7 -149 -148.2 -147.4 -146.6 -145.9 -145.1 -144.3 -143.5 -142.8 -142 -141.2 -140.5 -139.7 -138.9 -138.2 -137.4 -136.6 -135.9 -135.1 -134.3 -133.6 -132.8 -132.1 -131.3 -130.6 -129.8 -129.1 -128.4 -127.6 -126.9 -126.1 -125.4 -124.6 -123.9 -123.2 -122.5 -121.7 -121 -120.3 -119.5 -118.8 -117.9 -117.2 -116.5 -115.8 -115.1 -114.4 -113.7 -113 -112.3 -111.6 -110.9 -110.3 -109.6 -109 -108.3 -107.7 -107.1 -106.5 -105.9 -105.3 -104.7 -104.2 -103.6 -103.1 -102.6 -102.1 -101.6
-153 -152.3 -151.5 -150.7 -149.9 -149.1 -148.4 -147.6 -146.8 -146 -145.3 -144.5 -143.7 -142.9 -142.2 -141.4 -140.6 -139.9 -139.1 -138.3 -137.6 -136.8 -136 -135.3 -134.5 -133.7 -133 -132.2 -131.5 -130.7 -129.9 -129.3 -128.5 -127.8 -127 -126.3 -125.5 -124.8 -124 -123.3 -122.6 -121.9 -121.1 -120.4 -119.7 -118.9 -118 -117.3 -116.6 -115.9 -115.2 -114.5 -113.8 -113.1 -112.4 -111.8 -111 -110.4 -109.7 -109.1 -108.5 -107.8 -107.2 -106.6 -106 -105.4 -104.9 -104.3 -103.7 -103.2 -102.7 -102.2 -101.7
-153.2 -152.4 -151.7 -150.9 -150.1 -149.3 -148.5 -147.8 -147 -146.2 -145.4 -144.7 -143.9 -143.1 -142.3 -141.5 -140.8 -140 -139.2 -138.5 -137.7 -136.9 -136.2 -135.4 -134.6 -133.9 -133.1 -132.4 -131.6 -130.8 -130.1 -129.4 -128.7 -127.9 -127.2 -126.4 -125.7 -124.9 -124.2 -123.5 -122.7 -122 -121.3 -120.5 -119.8 -119 -118.3 -117.4 -116.7 -116 -115.3 -114.6 -113.9 -113.3 -112.6 -111.9 -111.2 -110.5 -109.9 -109.2 -108.6 -107.9 -107.3 -106.7 -106.1 -105.6 -105 -104.4 -103.9 -103.3 -102.8 -102.3 -101.8
-153.4 -152.6 -151.8 -151.1 -150.3 -149.5 -148.7 -147.9 -147.2 -146.4 -145.6 -144.8 -144 -143.3 -142.5 -141.7 -140.9 -140.2 -139.4 -138.6 -137.9 -137.1 -136.3 -135.6 -134.8 -134 -133.3 -132.5 -131.8 -131 -130.2 -129.6 -128.8 -128 -127.3 -126.6 -125.8 -125.1 -124.3 -123.6 -122.9 -122.1 -121.4 -120.7 -120 -119.2 -118.4 -117.7 -116.9 -116.2 -115.5 -114.8 -114.1 -113.4 -112.7 -112 -111.4 -110.7 -110 -109.4 -108.7 -108.1 -107.5 -106.9 -106.3 -105.7 -105.1 -104.6 -104 -103.5 -102.9 -102.4 -102
-153.6 -152.8 -152 -151.3 -150.5 -149.7 -148.9 -148.1 -147.3 -146.6 -145.8 -145 -144.2 -143.4 -142.7 -141.9 -141.1 -140.3 -139.6 -138.8 -138 -137.3 -136.5 -135.7 -135 -134.2 -133.4 -132.7 -131.9 -131.1 -130.4 -129.7 -128.9 -128.2 -127.4 -126.7 -125.9 -125.2 -124.5 -123.7 -123 -122.3 -121.5 -120.8 -120.1 -119.3 -118.6 -117.9 -117 -116.3 -115.6 -114.9 -114.2 -113.5 -112.9 -112.2 -111.5 -110.9 -110.2 -109.5 -108.8 -108.2 -107.6 -107 -106.4 -105.8 -105.3 -104.7 -104.1 -103.6 -103.1 -102.6 -102.1
-153.8 -153 -152.2 -151.4 -150.7 -149.9 -149.1 -148.3 -147.5 -146.7 -146 -145.2 -144.4 -143.6 -142.8 -142 -141.3 -140.5 -139.7 -139 -138.2 -137.4 -136.7 -135.9 -135.1 -134.4 -133.6 -132.8 -132.1 -131.3 -130.5 -129.9 -129.1 -128.3 -127.6 -126.8 -126.1 -125.4 -124.6 -123.9 -123.2 -122.4 -121.7 -121 -120.2 -119.4 -118.7 -118 -117.3 -116.4 -115.7 -115 -114.4 -113.7 -113 -112.3 -111.7 -111 -110.4 -109.6 -109 -108.4 -107.8 -107.2 -106.6 -106 -105.4 -104.8 -104.3 -103.7 -103.2 -102.7 -102.2
-154 -153.2 -152.4 -151.6 -150.8 -150.1 -149.3 -148.5 -147.7 -146.9 -146.1 -145.3 -144.6 -143.8 -143 -142.2 -141.4 -140.7 -139.9 -139.1 -138.4 -137.6 -136.8 -136 -135.3 -134.5 -133.7 -133 -132.2 -131.5 -130.7 -130 -129.2 -128.5 -127.7 -127 -126.2 -125.5 -124.8 -124 -123.3 -122.6 -121.8 -121.1 -120.4 -119.6 -118.9 -118.2 -117.4 -116.7 -115.9 -115.2 -114.5 -113.8 -113.1 -112.5 -111.8 -111.1 -110.5 -109.8 -109.1 -108.5 -107.9 -107.3 -106.7 -106.1 -105.5 -104.9 -104.4 -103.8 -103.3 -102.8 -102.3
-154.2 -153.4 -152.6 -151.8 -151 -150.2 -149.5 -148.7 -147.9 -147.1 -146.3 -145.5 -144.7 -144 -143.2 -142.4 -141.6 -140.8 -140.1 -139.3 -138.5 -137.7 -137 -136.2 -135.4 -134.7 -133.9 -133.1 -132.4 -131.6 -130.9 -130.2 -129.4 -128.6 -127.9 -127.1 -126.4 -125.7 -124.9 -124.2 -123.4 -122.7 -122 -121.3 -120.5 -119.7 -119 -118.3 -117.6 -116.9 -116 -115.3 -114.6 -114 -113.3 -112.6 -111.9 -111.3 -110.6 -110 -109.3 -108.6 -108 -107.4 -106.8 -106.2 -105.6 -105.1 -104.5 -104 -103.4 -102.9 -102.4
-154.4 -153.6 -152.8 -152 -151.2 -150.4 -149.6 -148.8 -148.1 -147.3 -146.5 -145.7 -144.9 -144.1 -143.3 -142.6 -141.8 -141 -140.2 -139.5 -138.7 -137.9 -137.1 -136.4 -135.6 -134.8 -134.1 -133.3 -132.5 -131.8 -131 -130.3 -129.6 -128.8 -128 -127.3 -126.5 -125.8 -125.1 -124.3 -123.6 -122.9 -122.1 -121.4 -120.7 -119.9 -119.2 -118.5 -117.7 -117 -116.3 -115.5 -114.8 -114.1 -113.4 -112.8 -112.1 -111.4 -110.8 -110.1 -109.5 -108.8 -108.1 -107.5 -106.9 -106.3 -105.8 -105.2 -104.6 -104.1 -103.6 -103 -102.5
-154.6 -153.8 -153 -152.2 -151.4 -150.6 -149.8 -149 -148.2 -147.5 -146.7 -145.9 -145.1 -144.3 -143.5 -142.7 -142 -141.2 -140.4 -139.6 -138.9 -138.1 -137.3 -136.5 -135.8 -135 -134.2 -133.5 -132.7 -131.9 -131.2 -130.5 -129.7 -129 -128.2 -127.5 -126.7 -126 -125.2 -124.5 -123.8 -123 -122.3 -121.6 -120.8 -120 -119.3 -118.6 -117.9 -117.2 -116.5 -115.8 -114.9 -114.2 -113.6 -112.9 -112.2 -111.6 -110.9 -110.3 -109.6 -109 -108.3 -107.7 -107.1 -106.5 -105.9 -105.3 -104.8 -104.2 -103.7 -103.1 -102.6
-154.8 -154 -153.2 -152.4 -151.6 -150.8 -150 -149.2 -148.4 -147.6 -146.9 -146.1 -145.3 -144.5 -143.7 -142.9 -142.1 -141.4 -140.6 -139.8 -139 -138.2 -137.5 -136.7 -135.9 -135.2 -134.4 -133.6 -132.9 -132.1 -131.3 -130.6 -129.9 -129.1 -128.4 -127.6 -126.9 -126.1 -125.4 -124.6 -123.9 -123.2 -122.4 -121.7 -121 -120.2 -119.5 -118.8 -118 -117.3 -116.6 -115.9 -115.1 -114.4 -113.7 -113 -112.4 -111.7 -111.1 -110.4 -109.7 -109.1 -108.5 -107.8 -107.2 -106.6 -106 -105.4 -104.9 -104.3 -103.8 -103.3 -102.7
-155 -154.2 -153.4 -152.6 -151.8 -151 -150.2 -149.4 -148.6 -147.8 -147 -146.2 -145.5 -144.7 -143.9 -143.1 -142.3 -141.5 -140.7 -140 -139.2 -138.4 -137.6 -136.9 -136.1 -135.3 -134.5 -133.8 -133 -132.3 -131.5 -130.8 -130 -129.3 -128.5 -127.8 -127 -126.3 -125.5 -124.8 -124.1 -123.3 -122.5 -121.8 -121.1 -120.3 -119.6 -118.9 -118.2 -117.5 -116.8 -116.1 -115.4 -114.5 -113.9 -113.2 -112.5 -111.9 -111.2 -110.5 -109.9 -109.2 -108.6 -108 -107.3 -106.7 -106.1 -105.6 -105 -104.4 -103.9 -103.4 -102.8
-155.2 -154.4 -153.6 -152.8 -152 -151.2 -150.4 -149.6 -148.8 -148 -147.2 -146.4 -145.6 -144.8 -144.1 -143.3 -142.5 -141.7 -140.9 -140.1 -139.4 -138.6 -137.8 -137 -136.3 -135.5 -134.7 -133.9 -133.2 -132.4 -131.7 -131 -130.2 -129.4 -128.7 -127.9 -127.2 -126.4 -125.7 -125 -124.2 -123.5 -122.7 -121.9 -121.2 -120.5 -119.8 -119.1 -118.3 -117.6 -116.9 -116.2 -115.5 -114.8 -114 -113.3 -112.7 -112 -111.3 -110.7 -110 -109.4 -108.7 -108.1 -107.5 -106.9 -106.3 -105.7 -105.1 -104.6 -104 -103.5 -102.9
-155.4 -154.6 -153.8 -153 -152.2 -151.4 -150.6 -149.8 -149 -148.2 -147.4 -146.6 -145.8 -145 -144.2 -143.4 -142.7 -141.9 -141.1 -140.3 -139.5 -138.8 -138 -137.2 -136.4 -135.7 -134.9 -134.1 -133.3 -132.6 -131.8 -131.1 -130.4 -129.6 -128.8 -128.1 -127.3 -126.6 -125.8 -125.1 -124.4 -123.6 -122.8 -122.1 -121.4 -120.7 -119.9 -119.2 -118.5 -117.8 -117.1 -116.4 -115.7 -115 -114.2 -113.5 -112.8 -112.1 -111.5 -110.8 -110.1 -109.5 -108.9 -108.3 -107.6 -107 -106.4 -105.8 -105.2 -104.7 -104.1 -103.6 -103.1
-155.6 -154.8 -154 -153.2 -152.4 -151.6 -150.8 -150 -149.2 -148.4 -147.6 -146.8 -146 -145.2 -144.4 -143.6 -142.8 -142.1 -141.3 -140.5 -139.7 -138.9 -138.2 -137.4 -136.6 -135.8 -135.1 -134.3 -133.5 -132.7 -132 -131.3 -130.5 -129.8 -129 -128.2 -127.5 -126.7 -126 -125.3 -124.5 -123.8 -123 -122.3 -121.5 -120.8 -120.1 -119.4 -118.7 -117.9 -117.2 -116.5 -115.8 -115.1 -114.5 -113.6 -113 -112.3 -111.6 -111 -110.3 -109.6 -109 -108.4 -107.8 -107.2 -106.5 -105.9 -105.4 -104.8 -104.2 -103.7 -103.2
-155.8 -155 -154.2 -153.4 -152.6 -151.8 -151 -150.2 -149.4 -148.6 -147.8 -147 -146.2 -145.4 -144.6 -143.8 -143 -142.2 -141.5 -140.7 -139.9 -139.1 -138.3 -137.5 -136.8 -136 -135.2 -134.5 -133.7 -132.9 -132.2 -131.4 -130.7 -129.9 -129.2 -128.4 -127.7 -126.9 -126.2 -125.4 -124.7 -124 -123.1 -122.4 -121.7 -121 -120.2 -119.5 -118.8 -118.1 -117.4 -116.7 -116 -115.3 -114.6 -113.9 -113.1 -112.4 -111.8 -111.1 -110.4 -109.8 -109.2 -108.6 -107.9 -107.3 -106.7 -106.1 -105.5 -104.9 -104.3 -103.8 -103.2
-156 -155.2 -154.4 -153.6 -152.8 -152 -151.2 -150.4 -149.6 -148.8 -148 -147.2 -146.4 -145.6 -144.8 -144 -143.2 -142.4 -141.6 -140.8 -140.1 -139.3 -138.5 -137.7 -136.9 -136.2 -135.4 -134.6 -133.9 -133.1 -132.3 -131.6 -130.9 -130.1 -129.3 -128.6 -127.8 -127.1 -126.3 -125.6 -124.9 -124.1 -123.3 -122.6 -121.8 -121.1 -120.4 -119.7 -119 -118.3 -117.6 -116.9 -116.2 -115.5 -114.8 -114.1 -113.3 -112.6 -111.9 -111.3 -110.6 -110 -109.3 -108.7 -108.1 -107.4 -106.8 -106.2 -105.6 -105 -104.5 -103.9 -103.3
-156.2 -155.4 -154.6 -153.8 -153 -152.2 -151.4 -150.6 -149.8 -149 -148.2 -147.4 -146.6 -145.8 -145 -144.2 -143.4 -142.6 -141.8 -141 -140.2 -139.5 -138.7 -137.9 -137.1 -136.3 -135.6 -134.8 -134 -133.3 -132.5 -131.8 -131 -130.3 -129.5 -128.7 -128 -127.2 -126.5 -125.8 -125 -124.3 -123.5 -122.7 -122 -121.3 -120.6 -119.9 -119.1 -118.4 -117.7 -117 -116.3 -115.6 -114.9 -114.2 -113.6 -112.8 -112.1 -111.4 -110.8 -110.1 -109.5 -108.8 -108.2 -107.6 -107 -106.4 -105.7 -105.1 -104.6 -104 -103.4
-156.4 -155.6 -154.8 -154 -153.2 -152.4 -151.6 -150.8 -150 -149.2 -148.4 -147.6 -146.8 -146 -145.2 -144.4 -143.6 -142.8 -142 -141.2 -140.4 -139.6 -138.9 -138.1 -137.3 -136.5 -135.7 -135 -134.2 -133.4 -132.7 -132 -131.2 -130.4 -129.7 -128.9 -128.2 -127.4 -126.7 -125.9 -125.2 -124.5 -123.6 -122.9 -122.2 -121.5 -120.7 -120 -119.3 -118.6 -117.9 -117.2 -116.5 -115.8 -115.1 -114.4 -113.7 -113 -112.3 -111.6 -110.9 -110.3 -109.6 -109 -108.3 -107.7 -107.1 -106.5 -105.9 -105.2 -104.7 -104.1 -103.5
-156.6 -155.8 -155 -154.2 -153.4 -152.6 -151.8 -151 -150.2 -149.4 -148.5 -147.7 -146.9 -146.1 -145.3 -144.5 -143.8 -143 -142.2 -141.4 -140.6 -139.8 -139 -138.3 -137.5 -136.7 -135.9 -135.1 -134.4 -133.6 -132.8 -132.1 -131.4 -130.6 -129.8 -129.1 -128.3 -127.6 -126.8 -126.1 -125.4 -124.6 -123.8 -123.1 -122.3 -121.6 -120.9 -120.2 -119.5 -118.8 -118 -117.3 -116.6 -115.9 -115.2 -114.6 -113.9 -113.2 -112.4 -111.8 -111.1 -110.4 -109.7 -109.1 -108.5 -107.8 -107.2 -106.6 -106 -105.4 -104.8 -104.2 -103.6
-156.8 -156 -155.2 -154.4 -153.6 -152.8 -152 -151.2 -150.4 -149.5 -148.7 -147.9 -147.1 -146.3 -145.5 -144.7 -143.9 -143.2 -142.4 -141.6 -140.8 -140 -139.2 -138.4 -137.7 -136.9 -136.1 -135.3 -134.5 -133.8 -133 -132.3 -131.5 -130.8 -130 -129.3 -128.5 -127.8 -127 -126.3 -125.5 -124.8 -124 -123.2 -122.5 -121.8 -121.1 -120.4 -119.6 -118.9 -118.2 -117.5 -116.8 -116.1 -115.4 -114.7 -114 -113.4 -112.6 -111.9 -111.3 -110.6 -109.9 -109.3 -108.7 -108 -107.4 -106.7 -106.1 -105.5 -104.9 -104.3 -103.7
-157 -156.2 -155.4 -154.6 -153.8 -153 -152.2 -151.4 -150.6 -149.7 -148.9 -148.1 -147.3 -146.5 -145.7 -144.9 -144.1 -143.3 -142.5 -141.8 -141 -140.2 -139.4 -138.6 -137.8 -137 -136.3 -135.5 -134.7 -134 -133.2 -132.5 -131.7 -130.9 -130.2 -129.4 -128.7 -127.9 -127.2 -126.4 -125.7 -125 -124.2 -123.4 -122.7 -122 -121.2 -120.5 -119.8 -119.1 -118.4 -117.7 -117 -116.3 -115.6 -114.9 -114.2 -113.5 -112.7 -112.1 -111.4 -110.7 -110.1 -109.4 -108.8 -108.2 -107.5 -106.9 -106.3 -105.6 -105 -104.4 -103.8
