Proyecto/Data/BAT/PMBAT.grd
DSAA
321 641
2800 6000
518000 524400
-33.24 15.23
[rows 448 to 479 of 641, columns 213 to 283 of 321]
-7.350 -7.120 -6.740 -6.310 -5.860 -5.490 -5.300 -5.280 -5.380 -5.560 -5.780 -5.990 -6.140 -6.260 -6.350 -6.390 -6.460 -6.520 -6.590 -6.480 -6.490 -6.500 -6.540 -6.490 -6.480 -6.490 -6.420 -6.370 -6.540 -6.290 -6.110 -6.080 -6.300 -6.580 -6.600 -6.260 -4.880 -3.370 -2.360 -1.830 -1.630 -1.660 -2.510 -2.570 -1.790 -1.260 -1.060 -0.790 -0.460 -0.240 -0.130 -0.080 -0.040 0.030 0.090 0.160 0.210 0.270 0.320 0.360 0.390 0.400 0.400 0.380 0.360 0.290 0.240 0.150 0.030 -0.380 -0.510
-7.840 -7.630 -7.260 -6.830 -6.360 -5.940 -5.730 -5.660 -5.740 -5.900 -6.100 -6.260 -6.370 -6.450 -6.510 -6.560 -6.590 -6.620 -6.650 -6.500 -6.470 -6.690 -6.690 -6.690 -6.340 -6.280 -6.200 -5.940 -5.950 -5.920 -5.920 -5.980 -5.900 -5.820 -5.710 -5.370 -3.530 -1.710 -0.850 -0.600 -0.770 -1.140 -2.330 -2.460 -1.440 -0.770 -0.500 -0.370 -0.120 0.020 0.100 0.130 0.160 0.210 0.270 0.300 0.340 0.380 0.420 0.430 0.430 0.420 0.380 0.310 0.210 0.090 -0.010 -0.110 -0.310 -0.680 -0.840
-8.370 -8.200 -7.840 -7.380 -6.910 -6.470 -6.180 -6.030 -6.100 -6.240 -6.400 -6.540 -6.620 -6.670 -6.710 -6.720 -6.730 -6.720 -6.710 -6.600 -6.530 -6.510 -6.480 -6.460 -6.450 -6.460 -6.470 -6.480 -6.620 -6.500 -6.310 -6.200 -6.170 -6.080 -4.980 -3.560 -2.090 -0.950 -0.580 -0.640 -0.980 -1.480 -2.000 -1.890 -1.130 -0.500 -0.120 0.040 -0.050 0.230 0.280 0.310 0.340 0.350 0.380 0.410 0.400 0.420 0.430 0.400 0.370 0.320 0.260 0.160 -0.020 -0.200 -0.370 -0.540 -0.780 -1.250 -1.430
-8.900 -8.780 -8.420 -7.950 -7.460 -7.000 -6.650 -6.470 -6.480 -6.590 -6.740 -6.850 -6.890 -6.910 -6.910 -6.900 -6.880 -6.820 -6.750 -6.690 -6.660 -6.600 -6.600 -6.880 -6.850 -6.820 -6.160 -6.090 -6.000 -5.820 -5.880 -5.950 -5.990 -5.540 -3.830 -1.870 -1.010 -0.650 -0.640 -0.930 -1.400 -1.820 -1.890 -1.600 -0.870 -0.360 0.060 0.190 0.270 0.110 0.200 0.450 0.480 0.500 0.490 0.500 0.490 0.440 0.410 0.340 0.250 0.140 0.040 -0.100 -0.370 -0.620 -0.820 -1.000 -1.270 -1.590 -1.920
-9.480 -9.370 -9.030 -8.550 -8.030 -7.540 -7.120 -6.860 -6.860 -6.950 -7.070 -7.160 -7.170 -7.170 -7.150 -7.110 -7.050 -6.950 -6.850 -6.780 -6.640 -6.570 -6.560 -6.530 -6.880 -6.860 -6.810 -5.930 -5.610 -5.610 -5.640 -5.630 -5.540 -5.140 -3.240 -1.420 -0.720 -0.690 -0.980 -1.380 -1.810 -2.070 -1.970 -1.570 -0.980 -0.430 -0.000 0.230 0.370 0.390 0.170 0.240 0.550 0.580 0.560 0.530 0.500 0.460 0.370 0.250 0.070 -0.140 -0.340 -0.570 -0.870 -1.140 -1.350 -1.530 -1.740 -2.010 -2.310
-10.010 -9.970 -9.620 -9.120 -8.590 -8.070 -7.630 -7.330 -7.260 -7.310 -7.400 -7.460 -7.470 -7.450 -7.400 -7.320 -7.210 -7.070 -6.930 -6.830 -6.720 -6.620 -6.530 -6.520 -6.540 -6.590 -6.660 -6.750 -7.240 -7.050 -6.970 -6.800 -6.010 -4.700 -2.800 -0.960 -0.620 -0.820 -1.370 -1.910 -2.070 -2.140 -2.050 -1.630 -1.100 -0.510 -0.050 0.230 0.400 0.500 0.420 0.500 0.560 0.570 0.550 0.530 0.480 0.390 0.260 0.090 -0.200 -0.510 -0.800 -1.090 -1.430 -1.770 -1.910 -2.020 -2.190 -2.410 -2.680
-10.490 -10.460 -10.150 -9.660 -9.130 -8.610 -8.150 -7.810 -7.690 -7.690 -7.760 -7.810 -7.800 -7.750 -7.670 -7.560 -7.400 -7.220 -7.050 -6.880 -6.720 -6.630 -6.640 -6.650 -6.690 -6.740 -7.120 -7.120 -6.860 -6.920 -6.920 -6.810 -5.680 -4.190 -2.560 -1.260 -0.930 -1.130 -1.680 -2.110 -2.200 -2.150 -1.930 -1.470 -0.910 -0.380 0.010 0.270 0.410 0.500 0.560 0.590 0.550 0.560 0.550 0.510 0.420 0.290 0.060 -0.230 -0.590 -0.950 -1.270 -1.580 -1.910 -2.230 -2.390 -2.490 -2.600 -2.800 -2.970
-10.880 -10.940 -10.650 -10.140 -9.630 -9.120 -8.700 -8.350 -8.160 -8.090 -8.150 -8.180 -8.140 -8.060 -7.960 -7.820 -7.610 -7.390 -7.160 -6.950 -6.770 -6.650 -6.640 -6.640 -6.870 -6.920 -6.860 -7.060 -6.620 -6.570 -7.450 -7.100 -5.720 -3.640 -1.990 -1.060 -1.100 -1.610 -1.960 -2.180 -2.230 -2.100 -1.700 -1.130 -0.500 -0.080 0.160 0.330 0.430 0.490 0.420 0.470 0.510 0.500 0.480 0.410 0.270 0.140 -0.180 -0.640 -1.050 -1.410 -1.730 -2.010 -2.290 -2.580 -2.790 -2.890 -2.930 -3.020 -3.250
-11.090 -11.140 -10.980 -10.570 -10.110 -9.630 -9.240 -8.900 -8.690 -8.590 -8.580 -8.560 -8.490 -8.380 -8.240 -8.070 -7.830 -7.570 -7.300 -7.040 -6.840 -6.680 -6.590 -6.570 -6.600 -6.690 -6.840 -7.040 -7.920 -7.800 -7.630 -7.210 -5.600 -3.240 -1.730 -0.960 -1.290 -2.000 -2.150 -2.230 -2.200 -1.980 -1.410 -0.780 -0.170 0.150 0.290 0.390 0.430 0.450 0.380 0.410 0.410 0.380 0.340 0.250 0.120 -0.090 -0.520 -1.040 -1.470 -1.840 -2.130 -2.340 -2.590 -2.860 -3.080 -3.170 -3.230 -3.330 -3.510
-11.160 -11.210 -11.130 -10.890 -10.500 -10.050 -9.730 -9.450 -9.230 -9.080 -9.030 -8.960 -8.840 -8.690 -8.500 -8.290 -8.050 -7.770 -7.490 -7.220 -6.960 -6.770 -6.670 -6.660 -6.670 -6.760 -6.960 -7.270 -7.600 -7.960 -7.830 -7.190 -5.630 -3.510 -1.890 -1.120 -1.500 -1.980 -2.180 -2.200 -2.020 -1.630 -1.050 -0.500 -0.060 0.200 0.320 0.350 0.370 0.030 0.110 0.140 0.150 0.130 0.080 -0.020 -0.190 -0.490 -0.890 -1.420 -1.840 -2.140 -2.380 -2.580 -2.790 -3.020 -3.220 -3.370 -3.490 -3.670 -3.820
-11.180 -11.230 -11.210 -11.100 -10.850 -10.490 -10.200 -9.970 -9.750 -9.580 -9.450 -9.320 -9.180 -8.980 -8.750 -8.520 -8.260 -7.980 -7.740 -7.470 -7.190 -6.930 -6.840 -6.860 -6.870 -6.950 -7.170 -7.570 -8.170 -8.030 -7.940 -7.440 -5.810 -3.700 -2.080 -0.950 -1.950 -2.060 -2.100 -2.090 -1.700 -1.180 -0.640 -0.210 0.090 0.270 0.360 0.350 0.280 0.180 0.080 0.040 -0.000 -0.120 -0.250 -0.430 -0.640 -0.870 -1.290 -1.830 -2.180 -2.400 -2.590 -2.770 -2.940 -3.150 -3.360 -3.530 -3.680 -3.850 -4.010
-11.160 -11.220 -11.230 -11.170 -11.020 -10.800 -10.580 -10.370 -10.100 -9.990 -9.840 -9.670 -9.480 -9.260 -9.010 -8.770 -8.530 -8.290 -8.070 -7.840 -7.620 -7.420 -7.310 -7.340 -7.370 -7.460 -7.660 -7.980 -8.510 -8.470 -8.460 -8.230 -7.090 -5.500 -3.520 -1.820 -1.820 -1.990 -1.680 -1.490 -1.140 -0.690 -0.220 0.080 0.220 0.310 0.320 0.250 0.070 -0.080 -0.230 -0.330 -0.400 -0.560 -0.750 -0.960 -1.170 -1.450 -1.800 -2.170 -2.450 -2.620 -2.770 -2.920 -3.100 -3.300 -3.500 -3.680 -3.850 -4.020 -4.190
-11.130 -11.180 -11.210 -11.190 -11.130 -11.010 -10.890 -10.710 -10.520 -10.310 -10.150 -9.970 -9.770 -9.530 -9.300 -9.060 -8.830 -8.630 -8.440 -8.280 -8.140 -8.030 -8.020 -7.980 -8.030 -8.040 -8.180 -8.400 -8.680 -8.930 -8.990 -8.860 -8.340 -7.510 -5.400 -3.040 -1.850 -1.100 -1.000 -0.830 -0.590 -0.190 0.030 0.180 0.260 0.290 0.260 0.130 -0.110 -0.350 -0.570 -0.720 -0.880 -1.110 -1.340 -1.600 -1.810 -2.010 -2.270 -2.530 -2.720 -2.820 -2.920 -3.070 -3.250 -3.440 -3.640 -3.830 -4.020 -4.200 -4.390
-11.120 -11.190 -11.240 -11.230 -11.160 -11.100 -11.060 -10.940 -10.790 -10.620 -10.430 -10.240 -10.020 -9.800 -9.600 -9.390 -9.170 -8.990 -8.830 -8.710 -8.620 -8.540 -8.500 -8.470 -8.460 -8.490 -8.590 -8.760 -9.190 -9.220 -9.310 -9.250 -8.960 -8.350 -6.580 -4.210 -2.240 -0.870 -0.730 -0.690 -0.470 -0.140 -0.010 0.070 0.120 0.140 0.100 -0.110 -0.470 -0.820 -1.090 -1.270 -1.460 -1.710 -1.950 -2.170 -2.320 -2.440 -2.610 -2.860 -2.980 -2.990 -3.080 -3.240 -3.410 -3.590 -3.780 -3.970 -4.170 -4.370 -4.560
-11.070 -11.130 -11.170 -11.180 -11.130 -11.120 -11.130 -11.060 -10.980 -10.850 -10.650 -10.460 -10.250 -10.060 -9.890 -9.720 -9.520 -9.330 -9.200 -9.100 -9.050 -8.980 -8.920 -8.860 -8.830 -8.850 -8.930 -9.060 -9.190 -9.470 -9.460 -9.330 -9.030 -8.420 -7.150 -5.250 -3.050 -1.380 -1.030 -1.030 -0.860 -0.620 -0.400 -0.320 -0.250 -0.190 -0.230 -0.490 -0.950 -1.370 -1.700 -1.890 -2.070 -2.340 -2.550 -2.650 -2.700 -2.730 -2.830 -2.990 -3.110 -3.180 -3.270 -3.410 -3.570 -3.740 -3.930 -4.120 -4.330 -4.530 -4.730
-11.000 -11.060 -11.100 -11.130 -11.130 -11.090 -11.080 -11.060 -11.040 -10.990 -10.810 -10.630 -10.450 -10.290 -10.150 -10.010 -9.820 -9.640 -9.510 -9.430 -9.390 -9.340 -9.300 -9.250 -9.210 -9.240 -9.290 -9.190 -9.230 -9.280 -9.280 -9.190 -8.940 -8.440 -7.590 -6.160 -3.920 -1.880 -1.720 -1.740 -1.660 -1.470 -1.210 -1.160 -0.960 -0.780 -0.710 -0.940 -1.460 -1.930 -2.260 -2.460 -2.640 -2.880 -3.060 -3.040 -3.000 -2.940 -2.960 -3.080 -3.230 -3.340 -3.450 -3.590 -3.740 -3.900 -4.080 -4.290 -4.500 -4.700 -4.890
-10.900 -10.980 -11.040 -11.090 -11.100 -11.090 -11.060 -11.020 -11.000 -10.920 -10.770 -10.590 -10.430 -10.300 -10.210 -10.120 -10.010 -9.870 -9.760 -9.710 -9.700 -9.680 -9.650 -9.630 -9.600 -9.570 -9.560 -9.590 -9.810 -9.710 -9.550 -9.270 -8.910 -8.380 -7.570 -6.320 -4.650 -3.160 -2.890 -2.920 -2.850 -2.790 -2.810 -2.680 -2.290 -1.870 -1.510 -1.630 -2.120 -2.480 -2.750 -2.920 -3.060 -3.210 -3.290 -3.280 -3.210 -3.130 -3.130 -3.240 -3.370 -3.490 -3.620 -3.760 -3.910 -4.070 -4.260 -4.460 -4.660 -4.850 -5.030
-10.760 -10.840 -10.910 -10.980 -11.000 -10.990 -10.980 -10.900 -10.900 -10.820 -10.690 -10.550 -10.420 -10.320 -10.240 -10.180 -10.110 -10.020 -9.940 -9.950 -10.010 -9.990 -9.970 -10.000 -9.990 -9.900 -9.860 -9.870 -9.890 -9.380 -9.320 -9.180 -8.880 -8.330 -7.620 -6.690 -5.550 -4.490 -4.110 -4.120 -4.060 -4.030 -4.060 -3.980 -3.720 -3.110 -2.610 -2.430 -2.690 -2.970 -3.150 -3.270 -3.390 -3.460 -3.460 -3.470 -3.400 -3.360 -3.370 -3.440 -3.540 -3.660 -3.790 -3.940 -4.090 -4.260 -4.440 -4.630 -4.820 -5.010 -5.170
-10.610 -10.680 -10.750 -10.780 -10.800 -10.900 -10.870 -10.860 -10.830 -10.710 -10.600 -10.470 -10.350 -10.270 -10.230 -10.210 -10.190 -10.160 -10.140 -10.200 -10.270 -10.300 -10.330 -10.350 -10.330 -10.250 -10.180 -10.130 -10.000 -9.910 -9.720 -9.400 -9.000 -8.510 -7.900 -7.150 -6.190 -5.250 -4.720 -4.550 -4.540 -4.580 -4.570 -4.380 -4.150 -3.700 -3.250 -3.130 -3.280 -3.420 -3.550 -3.610 -3.650 -3.670 -3.630 -3.610 -3.580 -3.560 -3.570 -3.620 -3.710 -3.830 -3.960 -4.110 -4.270 -4.440 -4.620 -4.800 -4.980 -5.140 -5.290
-10.480 -10.500 -10.560 -10.600 -10.610 -10.590 -10.560 -10.530 -10.500 -10.440 -10.320 -10.270 -10.210 -10.180 -10.180 -10.200 -10.250 -10.320 -10.380 -10.480 -10.560 -10.620 -10.660 -10.680 -10.670 -10.620 -10.540 -10.410 -10.350 -10.040 -9.870 -9.560 -9.200 -8.800 -8.290 -7.590 -6.630 -5.680 -5.030 -4.720 -4.620 -4.610 -4.580 -4.470 -4.200 -3.960 -3.760 -3.730 -3.820 -3.840 -3.810 -3.810 -3.800 -3.820 -3.810 -3.780 -3.740 -3.740 -3.770 -3.810 -3.900 -4.000 -4.140 -4.300 -4.460 -4.620 -4.790 -4.960 -5.120 -5.280 -5.430
-10.330 -10.350 -10.370 -10.400 -10.420 -10.420 -10.410 -10.380 -10.360 -10.300 -10.220 -10.150 -10.110 -10.090 -10.130 -10.200 -10.320 -10.470 -10.600 -10.720 -10.830 -10.890 -10.940 -10.960 -10.970 -10.940 -10.860 -10.740 -10.600 -10.350 -10.060 -9.790 -9.470 -9.100 -8.630 -8.020 -6.990 -5.960 -5.220 -4.820 -4.690 -4.660 -4.630 -4.570 -4.440 -4.350 -4.290 -4.330 -4.380 -4.310 -4.170 -4.100 -4.020 -4.020 -4.000 -3.930 -3.890 -3.920 -3.950 -3.990 -4.080 -4.200 -4.330 -4.490 -4.650 -4.810 -4.970 -5.120 -5.270 -5.410 -5.560
-10.190 -10.170 -10.180 -10.180 -10.200 -10.210 -10.200 -10.210 -10.170 -10.120 -10.080 -10.030 -9.990 -9.990 -10.050 -10.170 -10.370 -10.590 -10.800 -10.940 -11.050 -11.120 -11.160 -11.200 -11.200 -11.180 -11.120 -11.010 -10.870 -10.670 -10.390 -10.050 -9.740 -9.370 -8.870 -8.190 -7.270 -6.300 -5.490 -4.950 -4.800 -4.740 -4.700 -4.690 -4.690 -4.740 -4.860 -4.890 -4.940 -4.780 -4.610 -4.410 -4.290 -4.220 -4.160 -4.080 -4.050 -4.090 -4.140 -4.190 -4.280 -4.390 -4.530 -4.670 -4.840 -5.000 -5.140 -5.280 -5.420 -5.560 -5.700
-10.080 -10.000 -10.010 -10.030 -10.060 -10.070 -10.060 -10.030 -10.000 -9.980 -9.970 -9.950 -9.930 -9.930 -9.960 -10.110 -10.380 -10.690 -10.970 -11.100 -11.210 -11.280 -11.270 -11.280 -11.260 -11.250 -11.210 -11.160 -11.120 -11.000 -10.730 -10.390 -10.060 -9.660 -9.150 -8.470 -7.590 -6.660 -5.890 -5.390 -5.050 -4.910 -4.860 -4.850 -4.910 -5.020 -5.140 -5.160 -5.140 -5.060 -4.890 -4.660 -4.500 -4.390 -4.320 -4.270 -4.250 -4.280 -4.330 -4.390 -4.490 -4.590 -4.720 -4.860 -5.010 -5.170 -5.310 -5.440 -5.580 -5.710 -5.850
-10.020 -9.950 -9.910 -9.940 -9.910 -9.920 -9.920 -9.890 -9.920 -9.870 -9.870 -9.850 -9.860 -9.870 -9.920 -10.090 -10.390 -10.750 -11.040 -11.210 -11.320 -11.400 -11.450 -11.400 -11.410 -11.380 -11.370 -11.320 -11.190 -11.140 -10.970 -10.690 -10.350 -9.950 -9.460 -8.850 -8.020 -7.180 -6.520 -6.000 -5.620 -5.330 -5.150 -5.090 -5.130 -5.210 -5.270 -5.270 -5.220 -5.110 -4.970 -4.790 -4.640 -4.540 -4.480 -4.450 -4.450 -4.470 -4.530 -4.600 -4.690 -4.800 -4.930 -5.050 -5.190 -5.340 -5.470 -5.610 -5.740 -5.880 -6.000
-9.980 -9.880 -9.820 -9.800 -9.790 -9.790 -9.790 -9.750 -9.760 -9.720 -9.730 -9.730 -9.770 -9.800 -9.860 -10.000 -10.350 -10.800 -11.100 -11.260 -11.390 -11.480 -11.540 -11.600 -11.450 -11.440 -11.410 -11.380 -11.230 -11.210 -11.110 -10.910 -10.590 -10.190 -9.730 -9.180 -8.440 -7.700 -7.170 -6.820 -6.250 -5.830 -5.590 -5.460 -5.410 -5.390 -5.350 -5.280 -5.200 -5.090 -4.990 -4.840 -4.730 -4.660 -4.640 -4.610 -4.630 -4.660 -4.720 -4.810 -4.900 -5.030 -5.160 -5.280 -5.390 -5.500 -5.620 -5.750 -5.890 -6.030 -6.160
-9.870 -9.790 -9.730 -9.660 -9.650 -9.630 -9.630 -9.650 -9.670 -9.660 -9.660 -9.630 -9.650 -9.690 -9.800 -9.940 -10.270 -10.730 -11.080 -11.290 -11.450 -11.570 -11.610 -11.670 -11.710 -11.720 -11.540 -11.500 -11.380 -11.330 -11.250 -11.070 -10.810 -10.460 -10.020 -9.470 -8.740 -7.980 -7.540 -7.190 -6.710 -6.290 -6.010 -5.830 -5.700 -5.590 -5.470 -5.330 -5.180 -5.050 -4.930 -4.840 -4.820 -4.780 -4.740 -4.770 -4.800 -4.840 -4.910 -5.040 -5.170 -5.330 -5.440 -5.510 -5.590 -5.680 -5.790 -5.920 -6.040 -6.170 -6.310
-9.690 -9.640 -9.600 -9.590 -9.570 -9.570 -9.570 -9.570 -9.580 -9.590 -9.590 -9.600 -9.610 -9.650 -9.730 -9.870 -10.150 -10.570 -10.990 -11.240 -11.410 -11.540 -11.650 -11.720 -11.780 -11.800 -11.790 -11.760 -11.670 -11.580 -11.440 -11.270 -11.040 -10.740 -10.330 -9.790 -9.000 -8.270 -7.750 -7.360 -6.960 -6.620 -6.390 -6.190 -6.000 -5.800 -5.590 -5.380 -5.170 -5.000 -4.900 -4.830 -4.810 -4.830 -4.850 -4.910 -4.970 -5.020 -5.120 -5.280 -5.480 -5.680 -5.740 -5.740 -5.770 -5.850 -5.960 -6.080 -6.210 -6.350 -6.490
-9.480 -9.460 -9.460 -9.450 -9.440 -9.440 -9.440 -9.440 -9.480 -9.520 -9.530 -9.540 -9.560 -9.600 -9.670 -9.780 -9.950 -10.390 -10.900 -11.180 -11.400 -11.570 -11.730 -11.830 -11.910 -11.950 -11.950 -11.910 -11.360 -11.410 -11.380 -11.280 -11.170 -10.980 -10.570 -10.060 -9.210 -8.500 -7.960 -7.590 -7.200 -6.910 -6.760 -6.560 -6.280 -6.000 -5.720 -5.510 -5.220 -4.980 -4.890 -4.830 -4.870 -4.880 -4.930 -5.020 -5.120 -5.220 -5.340 -5.520 -5.730 -5.960 -5.970 -5.910 -5.940 -6.010 -6.130 -6.270 -6.400 -6.460 -6.730
-9.260 -9.280 -9.300 -9.330 -9.330 -9.360 -9.390 -9.390 -9.410 -9.450 -9.470 -9.490 -9.530 -9.560 -9.630 -9.720 -9.890 -10.220 -10.670 -11.040 -11.310 -11.520 -11.680 -11.850 -11.920 -11.960 -11.980 -11.970 -11.910 -11.850 -11.730 -11.560 -11.350 -11.070 -10.690 -10.180 -9.480 -8.800 -8.310 -7.910 -7.550 -7.270 -7.120 -6.890 -6.540 -6.210 -5.880 -5.590 -5.310 -5.080 -4.920 -4.870 -4.880 -4.930 -5.000 -5.140 -5.260 -5.380 -5.530 -5.690 -5.860 -6.010 -6.060 -6.020 -6.100 -6.210 -6.330 -6.460 -6.590 -6.710 -6.820
-9.080 -9.120 -9.160 -9.190 -9.210 -9.250 -9.300 -9.330 -9.360 -9.410 -9.440 -9.470 -9.500 -9.540 -9.600 -9.690 -9.830 -10.050 -10.520 -10.950 -11.260 -11.510 -11.700 -11.840 -11.930 -11.970 -11.990 -11.980 -11.950 -11.900 -11.810 -11.670 -11.460 -11.160 -10.790 -10.350 -9.770 -9.120 -8.650 -8.230 -7.870 -7.590 -7.360 -7.100 -6.770 -6.410 -6.060 -5.770 -5.510 -5.240 -4.990 -4.970 -4.970 -5.060 -5.150 -5.280 -5.420 -5.560 -5.710 -5.860 -5.970 -6.110 -6.190 -6.240 -6.320 -6.430 -6.540 -6.660 -6.770 -6.880 -6.990
-8.950 -8.990 -9.030 -9.060 -9.100 -9.150 -9.210 -9.270 -9.320 -9.400 -9.390 -9.480 -9.480 -9.530 -9.540 -9.690 -9.830 -10.080 -10.470 -10.890 -11.230 -11.500 -11.740 -11.900 -12.000 -12.030 -12.040 -12.040 -12.030 -12.000 -11.930 -11.820 -11.620 -11.320 -10.960 -10.510 -9.960 -9.400 -8.920 -8.500 -8.130 -7.830 -7.580 -7.280 -6.940 -6.590 -6.270 -5.990 -5.750 -5.510 -5.290 -5.190 -5.190 -5.250 -5.350 -5.470 -5.600 -5.730 -5.880 -6.040 -6.160 -6.280 -6.370 -6.460 -6.550 -6.650 -6.750 -6.860 -6.960 -7.050 -7.140
-8.860 -8.880 -8.910 -8.940 -8.990 -9.050 -9.130 -9.230 -9.290 -9.350 -9.400 -9.450 -9.490 -9.540 -9.620 -9.710 -9.870 -10.120 -10.490 -10.880 -11.220 -11.500 -11.750 -11.960 -12.070 -12.140 -12.190 -12.200 -12.180 -12.130 -12.050 -11.930 -11.770 -11.530 -11.180 -10.670 -10.030 -9.530 -9.090 -8.670 -8.300 -8.030 -7.770 -7.420 -7.080 -6.760 -6.470 -6.220 -6.040 -5.860 -5.680 -5.490 -5.420 -5.470 -5.560 -5.690 -5.810 -5.920 -6.080 -6.240 -6.370 -6.480 -6.580 -6.680 -6.780 -6.880 -6.970 -7.050 -7.130 -7.190 -7.270
