Proyecto/Data/BAT/PMBAT.grd
DSAA
321 641
2800 6000
518000 524400
-33.24 15.23
[rows 224 to 255 of 641, columns 71 to 141 of 321]
-1.180 -1.260 -1.270 -1.270 -1.270 -1.250 -1.250 -1.240 -1.180 -1.110 -1.130 -1.130 -1.130 -1.020 -1.000 -1.000 -1.000 -1.000 -1.000 -1.000 -1.000 -1.000 -1.000 -1.240 -1.250 -1.270 -1.280 -1.290 -1.280 -1.300 -1.310 -1.320 -1.330 -1.340 -1.350 -1.360 -1.370 -1.380 -1.390 -1.400 -1.410 -1.420 -1.430 -1.390 -1.400 -1.440 -1.450 -1.460 -1.480 -1.480 -1.490 -1.500 -1.510 -1.520 -1.540 -1.550 -1.560 -1.570 -1.570 -1.590 -1.590 -1.610 -1.620 -1.630 -1.660 -1.670 -1.680 -1.690 -1.700 -1.720 -1.730
-1.250 -1.270 -1.270 -1.260 -1.240 -1.260 -1.270 -1.250 -1.150 -1.130 -1.120 -1.120 -1.120 -1.120 -1.000 -1.000 -1.000 -1.000 -1.000 -1.000 -1.000 -1.000 -1.000 -1.260 -1.270 -1.280 -1.290 -1.290 -1.290 -1.310 -1.320 -1.330 -1.340 -1.360 -1.370 -1.380 -1.390 -1.400 -1.410 -1.420 -1.430 -1.440 -1.450 -1.410 -1.420 -1.440 -1.470 -1.480 -1.490 -1.500 -1.510 -1.520 -1.530 -1.550 -1.560 -1.570 -1.590 -1.590 -1.600 -1.610 -1.620 -1.630 -1.650 -1.660 -1.680 -1.690 -1.700 -1.710 -1.720 -1.740 -1.750
-1.270 -1.260 -1.290 -1.260 -1.270 -1.200 -1.250 -1.260 -1.170 -1.150 -1.150 -1.130 -1.130 -1.130 -1.130 -1.000 -1.000 -1.000 -1.000 -1.000 -1.000 -1.000 -1.000 -1.320 -1.280 -1.290 -1.310 -1.300 -1.310 -1.320 -1.340 -1.350 -1.360 -1.370 -1.380 -1.390 -1.400 -1.410 -1.420 -1.430 -1.450 -1.460 -1.470 -1.430 -1.440 -1.460 -1.470 -1.510 -1.510 -1.520 -1.540 -1.550 -1.560 -1.570 -1.590 -1.600 -1.610 -1.620 -1.620 -1.630 -1.650 -1.660 -1.670 -1.680 -1.710 -1.710 -1.720 -1.730 -1.740 -1.760 -1.770
-1.260 -1.300 -1.310 -1.270 -1.270 -1.250 -1.260 -1.260 -1.210 -1.210 -1.220 -1.210 -1.160 -1.160 -1.160 -1.140 -1.000 -1.000 -1.000 -1.000 -1.000 -1.000 -1.000 -1.340 -1.300 -1.310 -1.320 -1.310 -1.320 -1.340 -1.350 -1.370 -1.380 -1.390 -1.400 -1.410 -1.420 -1.430 -1.440 -1.450 -1.460 -1.470 -1.440 -1.450 -1.460 -1.480 -1.490 -1.500 -1.530 -1.540 -1.560 -1.570 -1.580 -1.600 -1.610 -1.620 -1.640 -1.650 -1.650 -1.660 -1.670 -1.680 -1.690 -1.700 -1.730 -1.740 -1.740 -1.750 -1.760 -1.780 -1.790
-1.260 -1.270 -1.280 -1.280 -1.290 -1.270 -1.270 -1.280 -1.230 -1.250 -1.250 -1.250 -1.250 -1.160 -1.150 -1.150 -1.150 -1.000 -1.000 -1.000 -1.000 -1.270 -1.280 -1.350 -1.360 -1.320 -1.330 -1.330 -1.340 -1.350 -1.360 -1.380 -1.390 -1.400 -1.420 -1.430 -1.440 -1.450 -1.460 -1.470 -1.480 -1.490 -1.460 -1.470 -1.480 -1.500 -1.510 -1.520 -1.530 -1.570 -1.580 -1.590 -1.610 -1.620 -1.630 -1.650 -1.670 -1.670 -1.670 -1.680 -1.690 -1.710 -1.720 -1.730 -1.750 -1.760 -1.770 -1.770 -1.780 -1.800 -1.800
-1.270 -1.280 -1.290 -1.290 -1.300 -1.280 -1.280 -1.290 -1.280 -1.270 -1.240 -1.230 -1.230 -1.230 -1.170 -1.160 -1.160 -1.160 -1.000 -1.000 -1.270 -1.280 -1.290 -1.370 -1.380 -1.330 -1.340 -1.340 -1.350 -1.360 -1.380 -1.400 -1.410 -1.420 -1.430 -1.440 -1.450 -1.460 -1.480 -1.490 -1.500 -1.510 -1.480 -1.490 -1.500 -1.520 -1.530 -1.550 -1.550 -1.570 -1.610 -1.620 -1.630 -1.640 -1.660 -1.680 -1.690 -1.690 -1.700 -1.710 -1.720 -1.730 -1.740 -1.770 -1.770 -1.780 -1.790 -1.790 -1.800 -1.810 -2.000
-1.270 -1.300 -1.310 -1.310 -1.320 -1.300 -1.300 -1.310 -1.270 -1.260 -1.260 -1.250 -1.240 -1.240 -1.240 -1.180 -1.170 -1.170 -1.160 -1.270 -1.280 -1.290 -1.300 -1.360 -1.370 -1.390 -1.350 -1.350 -1.370 -1.380 -1.390 -1.400 -1.420 -1.430 -1.450 -1.460 -1.470 -1.480 -1.490 -1.500 -1.520 -1.530 -1.490 -1.510 -1.520 -1.540 -1.550 -1.560 -1.570 -1.590 -1.630 -1.640 -1.660 -1.670 -1.690 -1.700 -1.710 -1.720 -1.730 -1.740 -1.750 -1.760 -1.770 -1.790 -1.790 -1.800 -1.810 -1.810 -1.830 -1.830 -2.000
-1.280 -1.340 -1.360 -1.360 -1.370 -1.320 -1.320 -1.330 -1.360 -1.360 -1.370 -1.370 -1.370 -1.350 -1.360 -1.360 -1.330 -1.340 -1.350 -1.350 -1.360 -1.300 -1.320 -1.400 -1.390 -1.400 -1.370 -1.370 -1.380 -1.390 -1.410 -1.420 -1.430 -1.450 -1.460 -1.470 -1.490 -1.500 -1.510 -1.520 -1.530 -1.550 -1.510 -1.530 -1.540 -1.550 -1.570 -1.580 -1.600 -1.610 -1.630 -1.660 -1.680 -1.700 -1.710 -1.730 -1.750 -1.740 -1.750 -1.760 -1.780 -1.780 -1.790 -1.810 -1.820 -1.820 -1.840 -1.840 -1.850 -2.000 -2.000
-1.320 -1.330 -1.350 -1.360 -1.380 -1.320 -1.320 -1.330 -1.350 -1.360 -1.370 -1.380 -1.370 -1.380 -1.400 -1.400 -1.380 -1.390 -1.360 -1.370 -1.380 -1.390 -1.400 -1.450 -1.430 -1.410 -1.410 -1.380 -1.390 -1.410 -1.420 -1.430 -1.440 -1.460 -1.480 -1.510 -1.500 -1.510 -1.530 -1.540 -1.550 -1.560 -1.530 -1.540 -1.560 -1.570 -1.590 -1.600 -1.610 -1.630 -1.650 -1.670 -1.700 -1.740 -1.750 -1.770 -1.780 -1.790 -1.800 -1.790 -1.800 -1.810 -1.820 -1.830 -1.850 -1.850 -1.860 -1.860 -1.860 -2.000 -2.000
-1.320 -1.340 -1.360 -1.370 -1.340 -1.310 -1.330 -1.340 -1.360 -1.380 -1.380 -1.390 -1.390 -1.390 -1.400 -1.420 -1.430 -1.400 -1.410 -1.420 -1.390 -1.400 -1.410 -1.480 -1.460 -1.450 -1.430 -1.390 -1.410 -1.420 -1.430 -1.450 -1.460 -1.470 -1.490 -1.540 -1.540 -1.550 -1.540 -1.550 -1.570 -1.530 -1.550 -1.560 -1.580 -1.590 -1.610 -1.620 -1.640 -1.650 -1.670 -1.690 -1.730 -1.760 -1.770 -1.790 -1.800 -1.810 -1.820 -1.820 -1.840 -1.830 -1.850 -1.870 -1.870 -1.870 -1.880 -1.880 -1.880 -2.000 -2.000
-1.330 -1.350 -1.320 -1.330 -1.340 -1.330 -1.340 -1.390 -1.370 -1.390 -1.390 -1.400 -1.410 -1.410 -1.420 -1.430 -1.450 -1.460 -1.430 -1.430 -1.440 -1.420 -1.430 -1.490 -1.510 -1.470 -1.460 -1.450 -1.420 -1.430 -1.450 -1.460 -1.470 -1.480 -1.500 -1.570 -1.570 -1.570 -1.560 -1.570 -1.580 -1.550 -1.560 -1.580 -1.590 -1.610 -1.620 -1.640 -1.660 -1.670 -1.720 -1.740 -1.750 -1.770 -1.800 -1.810 -1.820 -1.830 -1.840 -1.850 -1.860 -1.860 -1.870 -1.890 -1.890 -1.890 -1.890 -1.900 -1.900 -2.000 -2.000
-1.300 -1.310 -1.320 -1.330 -1.350 -1.340 -1.390 -1.400 -1.380 -1.400 -1.420 -1.430 -1.410 -1.420 -1.420 -1.430 -1.410 -1.420 -1.440 -1.450 -1.450 -1.460 -1.460 -1.460 -1.480 -1.480 -1.480 -1.470 -1.480 -1.450 -1.460 -1.470 -1.490 -1.500 -1.510 -1.580 -1.590 -1.590 -1.590 -1.580 -1.600 -1.560 -1.580 -1.590 -1.610 -1.610 -1.640 -1.660 -1.680 -1.730 -1.740 -1.760 -1.770 -1.790 -1.820 -1.830 -1.840 -1.860 -1.880 -1.880 -1.890 -1.880 -1.900 -1.910 -1.910 -1.910 -1.910 -1.910 -1.910 -2.000 -2.000
-1.300 -1.320 -1.330 -1.340 -1.350 -1.380 -1.380 -1.390 -1.370 -1.370 -1.390 -1.400 -1.400 -1.400 -1.410 -1.420 -1.430 -1.440 -1.440 -1.460 -1.480 -1.480 -1.490 -1.480 -1.490 -1.500 -1.510 -1.500 -1.500 -1.500 -1.520 -1.530 -1.540 -1.510 -1.520 -1.590 -1.600 -1.610 -1.620 -1.630 -1.630 -1.580 -1.590 -1.610 -1.610 -1.630 -1.660 -1.680 -1.730 -1.740 -1.760 -1.770 -1.790 -1.810 -1.820 -1.850 -1.860 -1.880 -1.900 -1.910 -1.910 -1.920 -1.920 -1.930 -1.930 -1.930 -1.930 -1.930 -1.930 -2.000 -2.000
-1.320 -1.330 -1.340 -1.350 -1.360 -1.390 -1.410 -1.420 -1.390 -1.390 -1.400 -1.410 -1.420 -1.420 -1.430 -1.430 -1.440 -1.450 -1.450 -1.460 -1.490 -1.500 -1.500 -1.490 -1.500 -1.500 -1.530 -1.530 -1.530 -1.520 -1.530 -1.540 -1.550 -1.560 -1.540 -1.590 -1.620 -1.630 -1.640 -1.640 -1.620 -1.610 -1.610 -1.610 -1.630 -1.650 -1.710 -1.730 -1.740 -1.760 -1.780 -1.790 -1.810 -1.820 -1.840 -1.860 -1.880 -1.910 -1.920 -1.930 -1.940 -1.940 -1.940 -1.940 -1.940 -1.940 -1.940 -1.940 -1.940 -2.000 -2.000
-1.340 -1.350 -1.360 -1.370 -1.410 -1.410 -1.420 -1.430 -1.400 -1.400 -1.400 -1.410 -1.430 -1.430 -1.420 -1.430 -1.440 -1.450 -1.470 -1.470 -1.480 -1.490 -1.520 -1.490 -1.520 -1.520 -1.540 -1.560 -1.530 -1.540 -1.520 -1.530 -1.540 -1.550 -1.570 -1.610 -1.620 -1.640 -1.660 -1.670 -1.610 -1.630 -1.630 -1.640 -1.690 -1.700 -1.730 -1.740 -1.760 -1.780 -1.790 -1.810 -1.820 -1.840 -1.860 -1.870 -1.910 -1.920 -1.940 -1.950 -1.960 -1.960 -1.960 -1.960 -1.960 -1.960 -1.950 -1.950 -1.950 -2.000 -2.000
-1.350 -1.360 -1.360 -1.370 -1.420 -1.420 -1.420 -1.420 -1.400 -1.410 -1.440 -1.450 -1.430 -1.440 -1.450 -1.460 -1.460 -1.460 -1.490 -1.490 -1.500 -1.500 -1.510 -1.510 -1.530 -1.530 -1.540 -1.570 -1.580 -1.570 -1.560 -1.560 -1.550 -1.570 -1.580 -1.630 -1.640 -1.650 -1.680 -1.670 -1.680 -1.670 -1.690 -1.700 -1.710 -1.720 -1.740 -1.760 -1.770 -1.790 -1.810 -1.820 -1.840 -1.860 -1.870 -1.910 -1.920 -1.940 -1.950 -1.970 -1.980 -1.980 -1.980 -1.980 -1.970 -1.970 -1.970 -1.960 -1.960 -2.000 -2.000
-1.360 -1.380 -1.380 -1.360 -1.410 -1.400 -1.410 -1.440 -1.420 -1.430 -1.450 -1.460 -1.500 -1.510 -1.520 -1.530 -1.540 -1.510 -1.520 -1.510 -1.520 -1.520 -1.520 -1.530 -1.550 -1.550 -1.540 -1.550 -1.580 -1.580 -1.590 -1.580 -1.580 -1.580 -1.590 -1.610 -1.650 -1.630 -1.650 -1.660 -1.670 -1.690 -1.700 -1.710 -1.730 -1.740 -1.760 -1.770 -1.790 -1.800 -1.820 -1.840 -1.850 -1.870 -1.890 -1.920 -1.940 -1.950 -1.970 -1.980 -1.990 -2.000 -1.990 -1.990 -1.980 -1.980 -1.980 -1.970 -1.970 -2.000 -2.000
-1.390 -1.400 -1.410 -1.450 -1.440 -1.440 -1.450 -1.460 -1.440 -1.450 -1.460 -1.460 -1.480 -1.490 -1.500 -1.510 -1.540 -1.550 -1.560 -1.530 -1.520 -1.530 -1.530 -1.540 -1.560 -1.550 -1.560 -1.570 -1.580 -1.600 -1.610 -1.610 -1.610 -1.620 -1.620 -1.620 -1.660 -1.650 -1.650 -1.670 -1.690 -1.700 -1.720 -1.720 -1.740 -1.750 -1.770 -1.780 -1.800 -1.820 -1.830 -1.850 -1.870 -1.880 -1.920 -1.930 -1.950 -1.960 -1.970 -1.990 -2.000 -2.000 -2.000 -1.990 -1.990 -1.990 -1.980 -1.980 -1.980 -2.000 -2.000
-1.420 -1.430 -1.430 -1.460 -1.470 -1.470 -1.440 -1.450 -1.440 -1.450 -1.460 -1.460 -1.470 -1.480 -1.490 -1.500 -1.530 -1.560 -1.570 -1.580 -1.550 -1.580 -1.550 -1.560 -1.570 -1.590 -1.580 -1.590 -1.600 -1.630 -1.630 -1.640 -1.650 -1.630 -1.640 -1.650 -1.660 -1.680 -1.670 -1.680 -1.700 -1.710 -1.730 -1.740 -1.750 -1.770 -1.780 -1.800 -1.810 -1.830 -1.840 -1.860 -1.880 -1.920 -1.930 -1.940 -1.960 -1.970 -1.980 -1.990 -2.000 -2.000 -2.000 -2.000 -2.000 -1.990 -1.990 -2.000 -2.000 -2.000 -2.000
-1.430 -1.430 -1.440 -1.470 -1.470 -1.470 -1.480 -1.460 -1.450 -1.460 -1.470 -1.480 -1.490 -1.500 -1.500 -1.510 -1.520 -1.530 -1.580 -1.590 -1.600 -1.570 -1.590 -1.570 -1.590 -1.610 -1.630 -1.610 -1.610 -1.620 -1.660 -1.650 -1.660 -1.670 -1.660 -1.670 -1.680 -1.690 -1.670 -1.690 -1.710 -1.720 -1.740 -1.750 -1.770 -1.780 -1.790 -1.810 -1.820 -1.840 -1.850 -1.870 -1.910 -1.930 -1.940 -1.950 -2.000 -1.970 -1.980 -1.990 -2.000 -2.000 -2.000 -2.000 -2.000 -2.000 -2.000 -2.000 -2.000 -2.000 -2.000
-1.430 -1.430 -1.440 -1.470 -1.480 -1.470 -1.480 -1.480 -1.460 -1.470 -1.490 -1.490 -1.500 -1.510 -1.520 -1.530 -1.530 -1.540 -1.570 -1.580 -1.610 -1.620 -1.590 -1.610 -1.620 -1.600 -1.620 -1.630 -1.660 -1.640 -1.650 -1.680 -1.690 -1.690 -1.690 -1.680 -1.700 -1.700 -1.700 -1.710 -1.710 -1.730 -1.740 -1.760 -1.770 -1.780 -1.810 -1.820 -1.840 -1.850 -1.870 -1.880 -1.920 -2.000 -2.000 -2.000 -2.000 -1.980 -1.990 -2.000 -2.000 -2.000 -2.000 -2.000 -2.000 -2.000 -2.000 -2.000 -2.000 -2.000 -2.000
-1.420 -1.440 -1.460 -1.460 -1.500 -1.500 -1.510 -1.520 -1.510 -1.520 -1.540 -1.560 -1.560 -1.570 -1.580 -1.590 -1.600 -1.610 -1.620 -1.620 -1.630 -1.630 -1.640 -1.630 -1.640 -1.650 -1.650 -1.640 -1.650 -1.680 -1.690 -1.680 -1.710 -1.710 -1.710 -1.650 -1.670 -1.680 -1.690 -1.700 -1.720 -1.740 -1.760 -1.780 -1.790 -1.810 -1.830 -1.840 -1.860 -1.870 -1.890 -1.890 -2.000 -2.000 -2.000 -2.000 -2.000 -1.980 -2.000 -2.000 -2.000 -2.000 -2.000 -2.000 -2.000 -2.000 -2.000 -2.000 -2.000 -2.000 -2.000
-1.440 -1.470 -1.480 -1.500 -1.510 -1.510 -1.520 -1.530 -1.530 -1.540 -1.560 -1.570 -1.590 -1.600 -1.600 -1.610 -1.620 -1.620 -1.630 -1.640 -1.650 -1.650 -1.660 -1.660 -1.650 -1.660 -1.670 -1.670 -1.660 -1.670 -1.680 -1.690 -1.690 -1.730 -1.730 -1.740 -1.750 -1.750 -1.750 -1.760 -1.770 -1.770 -1.770 -1.780 -1.800 -1.810 -1.830 -1.840 -1.860 -1.900 -1.910 -1.920 -2.000 -2.000 -2.000 -2.000 -2.000 -2.000 -2.000 -2.000 -2.000 -2.000 -2.000 -2.000 -2.000 -2.000 -2.000 -2.000 -2.000 -2.000 -2.000
-1.450 -1.470 -1.500 -1.510 -1.520 -1.520 -1.530 -1.540 -1.540 -1.550 -1.580 -1.590 -1.610 -1.610 -1.610 -1.620 -1.630 -1.640 -1.650 -1.650 -1.660 -1.670 -1.670 -1.670 -1.680 -1.680 -1.680 -1.690 -1.700 -1.680 -1.680 -1.700 -1.710 -1.720 -1.730 -1.740 -1.760 -1.760 -1.770 -1.780 -1.790 -1.790 -1.800 -1.800 -1.810 -1.820 -1.840 -1.850 -1.890 -1.900 -1.910 -1.920 -2.000 -2.000 -2.000 -2.000 -2.000 -2.000 -2.000 -2.000 -2.000 -2.000 -2.000 -2.000 -2.000 -2.000 -2.000 -2.000 -2.000 -2.000 -2.000
-1.460 -1.490 -1.510 -1.520 -1.530 -1.530 -1.540 -1.560 -1.550 -1.570 -1.590 -1.600 -1.620 -1.630 -1.620 -1.630 -1.640 -1.650 -1.660 -1.670 -1.670 -1.670 -1.680 -1.690 -1.690 -1.700 -1.700 -1.700 -1.710 -1.720 -1.720 -1.700 -1.710 -1.720 -1.740 -1.750 -1.750 -1.760 -1.770 -1.790 -1.800 -1.810 -1.810 -1.820 -1.830 -1.840 -1.870 -1.880 -1.890 -1.900 -1.910 -2.000 -2.000 -2.000 -2.000 -2.000 -2.000 -2.000 -2.000 -2.000 -2.000 -2.000 -2.000 -2.000 -2.000 -2.000 -2.000 -2.000 -2.000 -2.000 -2.000
-1.490 -1.500 -1.510 -1.530 -1.540 -1.540 -1.550 -1.560 -1.570 -1.580 -1.600 -1.610 -1.630 -1.640 -1.650 -1.660 -1.660 -1.670 -1.660 -1.670 -1.670 -1.680 -1.690 -1.700 -1.710 -1.710 -1.720 -1.720 -1.720 -1.730 -1.740 -1.750 -1.730 -1.740 -1.750 -1.760 -1.760 -1.770 -1.780 -1.810 -1.820 -1.840 -1.840 -1.850 -1.850 -1.860 -1.870 -1.890 -1.900 -1.910 -1.920 -2.000 -2.000 -2.000 -2.000 -2.000 -2.000 -2.000 -2.000 -2.000 -2.000 -2.000 -2.000 -2.000 -2.000 -2.000 -2.000 -2.000 -2.000 -2.000 -2.000
-1.500 -1.510 -1.520 -1.540 -1.550 -1.550 -1.560 -1.570 -1.580 -1.590 -1.620 -1.630 -1.650 -1.660 -1.660 -1.670 -1.680 -1.690 -1.690 -1.690 -1.710 -1.710 -1.720 -1.730 -1.740 -1.750 -1.740 -1.740 -1.750 -1.740 -1.750 -1.760 -1.760 -1.740 -1.750 -1.760 -1.770 -1.780 -1.810 -1.820 -1.830 -1.840 -1.850 -1.850 -1.860 -1.870 -1.880 -1.890 -1.900 -1.910 -1.920 -2.000 -2.000 -2.000 -2.000 -2.000 -2.000 -2.000 -2.000 -2.000 -2.000 -2.000 -2.000 -2.000 -2.000 -2.000 -2.000 -2.000 -2.000 -2.000 -2.000
-1.510 -1.520 -1.540 -1.550 -1.560 -1.560 -1.570 -1.590 -1.580 -1.590 -1.630 -1.640 -1.650 -1.660 -1.670 -1.680 -1.690 -1.700 -1.700 -1.710 -1.710 -1.720 -1.730 -1.740 -1.750 -1.750 -1.760 -1.760 -1.750 -1.730 -1.730 -1.720 -1.710 -1.720 -1.730 -1.740 -1.750 -1.770 -1.820 -1.830 -1.840 -1.850 -1.850 -1.860 -2.000 -2.000 -2.000 -2.000 -2.000 -2.000 -2.000 -2.000 -2.000 -2.000 -2.000 -2.000 -2.000 -2.000 -2.000 -2.000 -2.000 -2.000 -2.000 -2.000 -2.000 -2.000 -2.000 -2.000 -2.000 -2.000 -2.000
-1.520 -1.540 -1.550 -1.560 -1.570 -1.580 -1.590 -1.600 -1.600 -1.610 -1.620 -1.640 -1.660 -1.670 -1.670 -1.690 -1.700 -1.710 -1.710 -1.720 -1.720 -1.730 -1.740 -1.740 -1.750 -1.760 -1.770 -1.770 -1.770 -1.750 -1.750 -1.730 -1.710 -1.730 -1.740 -1.750 -1.760 -1.770 -1.820 -1.830 -1.840 -1.850 -2.000 -2.000 -2.000 -2.000 -2.000 -2.000 -2.000 -2.000 -2.000 -2.000 -2.000 -2.000 -2.000 -2.000 -2.000 -2.000 -2.000 -2.000 -2.000 -2.000 -2.000 -2.000 -2.000 -2.000 -2.000 -2.000 -2.000 -2.000 -2.000
-1.540 -1.550 -1.560 -1.570 -1.590 -1.600 -1.610 -1.620 -1.610 -1.630 -1.630 -1.640 -1.660 -1.680 -1.690 -1.700 -1.710 -1.700 -1.690 -1.640 -1.580 -1.590 -2.000 -2.000 -2.000 -2.000 -2.000 -2.000 -2.000 -2.000 -2.000 -2.000 -2.000 -2.000 -2.000 -2.000 -2.000 -2.000 -2.000 -2.000 -2.000 -2.000 -2.000 -2.000 -2.000 -2.000 -2.000 -2.000 -2.000 -2.000 -2.000 -2.000 -2.000 -2.000 -2.000 -2.000 -2.000 -2.000 -2.000 -2.000 -2.000 -2.000 -2.000 -2.000 -2.000 -2.000 -2.000 -2.000 -2.000 -2.000 -2.000
-1.550 -1.560 -1.580 -1.590 -1.600 -1.610 -1.620 -1.630 -1.620 -1.630 -1.640 -1.650 -1.670 -1.680 -1.690 -1.710 -1.710 -1.700 -1.690 -1.650 -1.590 -2.000 -2.000 -2.000 -2.000 -2.000 -2.000 -2.000 -2.000 -2.000 -2.000 -2.000 -2.000 -2.000 -2.000 -2.000 -2.000 -2.000 -2.000 -2.000 -2.000 -2.000 -2.000 -2.000 -2.000 -2.000 -2.000 -2.000 -2.000 -2.000 -2.000 -2.000 -2.000 -2.000 -2.000 -2.000 -2.000 -2.000 -2.000 -2.000 -2.000 -2.000 -2.000 -2.000 -2.000 -2.000 -2.000 -2.000 -2.000 -2.000 -2.000
-1.550 -1.560 -1.570 -1.580 -1.590 -1.620 -1.630 -1.630 -1.630 -1.640 -1.660 -1.660 -1.680 -1.690 -1.690 -1.700 -1.710 -1.720 -1.700 -1.660 -1.600 -2.000 -2.000 -2.000 -2.000 -2.000 -2.000 -2.000 -2.000 -2.000 -2.000 -2.000 -2.000 -2.000 -2.000 -2.000 -2.000 -2.000 -2.000 -2.000 -2.000 -2.000 -2.000 -2.000 -2.000 -2.000 -2.000 -2.000 -2.000 -2.000 -2.000 -2.000 -2.000 -2.000 -2.000 -2.000 -2.000 -2.000 -2.000 -2.000 -2.000 -2.000 -2.000 -2.000 -2.000 -2.000 -2.000 -2.000 -2.000 -2.000 -2.000
