Proyecto/Data/BAT/PMBAT.grd
DSAA
321 641
2800 6000
518000 524400
-33.24 15.23
[rows 576 to 607 of 641, columns 142 to 212 of 321]
-12.760 -12.850 -12.940 -13.060 -13.210 -13.300 -13.360 -13.420 -13.490 -13.540 -13.620 -13.700 -13.780 -13.860 -13.950 -14.090 -14.240 -14.410 -14.590 -14.730 -14.850 -14.960 -15.070 -15.180 -15.290 -15.380 -15.470 -15.560 -15.670 -15.790 -15.940 -16.090 -16.180 -16.250 -16.340 -16.430 -16.520 -16.610 -16.690 -16.770 -16.850 -16.940 -17.030 -17.110 -17.220 -17.320 -17.420 -17.500 -17.570 -17.610 -17.640 -17.670 -17.720 -17.810 -17.930 -18.080 -18.180 -18.280 -18.350 -18.430 -18.520 -18.620 -18.700 -18.760 -18.810 -18.880 -19.000 -19.120 -19.230 -19.380 -19.580
-12.970 -13.040 -13.130 -13.230 -13.300 -13.370 -13.440 -13.510 -13.590 -13.690 -13.780 -13.880 -13.970 -14.110 -14.240 -14.390 -14.540 -14.700 -14.850 -14.990 -15.140 -15.260 -15.370 -15.470 -15.570 -15.680 -15.790 -15.900 -16.020 -16.150 -16.300 -16.430 -16.510 -16.570 -16.650 -16.730 -16.820 -16.910 -16.980 -17.050 -17.130 -17.200 -17.280 -17.360 -17.440 -17.530 -17.610 -17.690 -17.740 -17.780 -17.810 -17.840 -17.890 -17.970 -18.090 -18.220 -18.340 -18.430 -18.510 -18.600 -18.690 -18.800 -18.910 -18.970 -18.980 -19.040 -19.200 -19.360 -19.500 -19.660 -19.840
-13.150 -13.200 -13.260 -13.330 -13.410 -13.480 -13.550 -13.630 -13.730 -13.850 -13.970 -14.100 -14.250 -14.420 -14.570 -14.710 -14.850 -14.980 -15.120 -15.270 -15.430 -15.570 -15.670 -15.750 -15.850 -15.970 -16.090 -16.220 -16.350 -16.500 -16.650 -16.780 -16.820 -16.860 -16.930 -17.010 -17.080 -17.160 -17.230 -17.290 -17.350 -17.420 -17.490 -17.570 -17.640 -17.710 -17.790 -17.850 -17.910 -17.940 -17.970 -18.000 -18.050 -18.150 -18.260 -18.390 -18.500 -18.580 -18.660 -18.740 -18.850 -18.980 -19.090 -19.170 -19.230 -19.320 -19.470 -19.630 -19.780 -19.940 -20.100
-13.310 -13.350 -13.400 -13.460 -13.530 -13.600 -13.670 -13.750 -13.870 -14.040 -14.210 -14.370 -14.550 -14.750 -14.920 -15.030 -15.140 -15.240 -15.360 -15.510 -15.680 -15.850 -15.960 -16.020 -16.120 -16.250 -16.380 -16.510 -16.660 -16.810 -16.960 -17.090 -17.110 -17.130 -17.200 -17.260 -17.320 -17.380 -17.440 -17.490 -17.540 -17.600 -17.670 -17.730 -17.810 -17.880 -17.940 -18.000 -18.050 -18.090 -18.120 -18.170 -18.240 -18.340 -18.440 -18.560 -18.670 -18.740 -18.780 -18.860 -18.990 -19.140 -19.270 -19.390 -19.500 -19.630 -19.770 -19.930 -20.080 -20.230 -20.380
-13.510 -13.530 -13.590 -13.640 -13.710 -13.750 -13.820 -13.940 -14.090 -14.310 -14.490 -14.650 -14.820 -15.030 -15.190 -15.290 -15.400 -15.500 -15.610 -15.750 -15.920 -16.090 -16.200 -16.290 -16.390 -16.520 -16.650 -16.790 -16.930 -17.080 -17.210 -17.310 -17.370 -17.400 -17.450 -17.500 -17.550 -17.590 -17.630 -17.680 -17.730 -17.780 -17.830 -17.900 -17.960 -18.020 -18.080 -18.140 -18.160 -18.190 -18.250 -18.300 -18.380 -18.510 -18.640 -18.750 -18.850 -18.920 -18.970 -19.020 -19.170 -19.330 -19.470 -19.610 -19.770 -19.930 -20.080 -20.230 -20.380 -20.540 -20.700
-13.640 -13.650 -13.690 -13.750 -13.870 -13.990 -14.080 -14.270 -14.520 -14.680 -14.800 -14.920 -15.050 -15.240 -15.410 -15.530 -15.610 -15.680 -15.770 -15.910 -16.090 -16.280 -16.420 -16.520 -16.630 -16.750 -16.890 -17.040 -17.180 -17.320 -17.440 -17.540 -17.600 -17.650 -17.680 -17.720 -17.740 -17.770 -17.800 -17.840 -17.880 -17.930 -17.980 -18.030 -18.090 -18.130 -18.170 -18.240 -18.250 -18.290 -18.340 -18.410 -18.500 -18.620 -18.770 -18.930 -19.030 -19.090 -19.170 -19.260 -19.390 -19.540 -19.680 -19.820 -20.010 -20.210 -20.380 -20.540 -20.680 -20.850 -21.040
-13.770 -13.830 -13.900 -13.950 -14.130 -14.310 -14.490 -14.730 -15.000 -15.050 -15.100 -15.190 -15.320 -15.480 -15.630 -15.760 -15.850 -15.870 -15.910 -16.060 -16.290 -16.490 -16.630 -16.750 -16.850 -16.980 -17.130 -17.280 -17.420 -17.550 -17.670 -17.750 -17.820 -17.860 -17.900 -17.920 -17.930 -17.940 -17.970 -18.000 -18.040 -18.080 -18.120 -18.160 -18.200 -18.240 -18.270 -18.300 -18.330 -18.380 -18.430 -18.500 -18.610 -18.720 -18.860 -19.010 -19.150 -19.260 -19.380 -19.490 -19.630 -19.760 -19.880 -20.020 -20.260 -20.470 -20.670 -20.850 -20.990 -21.160 -21.380
-13.990 -14.100 -14.250 -14.360 -14.500 -14.660 -14.850 -15.060 -15.210 -15.290 -15.340 -15.420 -15.550 -15.700 -15.850 -15.980 -16.070 -16.080 -16.120 -16.320 -16.540 -16.730 -16.860 -16.950 -17.060 -17.200 -17.350 -17.500 -17.650 -17.780 -17.880 -17.960 -18.010 -18.060 -18.090 -18.100 -18.100 -18.110 -18.140 -18.160 -18.180 -18.220 -18.250 -18.280 -18.310 -18.330 -18.350 -18.380 -18.410 -18.460 -18.530 -18.590 -18.680 -18.800 -18.940 -19.100 -19.260 -19.420 -19.570 -19.720 -19.870 -20.020 -20.160 -20.310 -20.520 -20.750 -20.970 -21.160 -21.310 -21.490 -21.700
-14.270 -14.450 -14.680 -14.850 -14.890 -14.980 -15.120 -15.260 -15.360 -15.440 -15.510 -15.600 -15.730 -15.890 -16.050 -16.160 -16.260 -16.320 -16.420 -16.590 -16.810 -16.980 -17.080 -17.170 -17.280 -17.400 -17.550 -17.700 -17.850 -17.980 -18.060 -18.120 -18.180 -18.210 -18.230 -18.250 -18.260 -18.270 -18.290 -18.310 -18.330 -18.350 -18.370 -18.390 -18.410 -18.420 -18.450 -18.460 -18.500 -18.530 -18.580 -18.650 -18.750 -18.860 -19.000 -19.170 -19.350 -19.540 -19.740 -19.950 -20.110 -20.260 -20.420 -20.590 -20.790 -21.030 -21.250 -21.440 -21.590 -21.780 -21.990
-14.540 -14.740 -14.970 -15.140 -15.180 -15.240 -15.330 -15.430 -15.510 -15.570 -15.640 -15.740 -15.870 -16.030 -16.190 -16.320 -16.450 -16.550 -16.660 -16.800 -16.990 -17.150 -17.250 -17.350 -17.460 -17.590 -17.730 -17.870 -18.010 -18.120 -18.200 -18.260 -18.300 -18.340 -18.370 -18.390 -18.410 -18.420 -18.440 -18.450 -18.470 -18.480 -18.490 -18.490 -18.500 -18.510 -18.520 -18.540 -18.570 -18.600 -18.650 -18.730 -18.820 -18.940 -19.090 -19.270 -19.470 -19.680 -19.890 -20.120 -20.320 -20.500 -20.680 -20.880 -21.090 -21.330 -21.560 -21.720 -21.840 -22.010 -22.210
-14.780 -14.970 -15.140 -15.310 -15.390 -15.450 -15.510 -15.560 -15.620 -15.680 -15.750 -15.840 -15.970 -16.160 -16.330 -16.480 -16.620 -16.750 -16.880 -16.970 -17.090 -17.260 -17.390 -17.510 -17.620 -17.740 -17.880 -18.010 -18.130 -18.230 -18.310 -18.350 -18.400 -18.440 -18.480 -18.510 -18.540 -18.560 -18.580 -18.600 -18.600 -18.610 -18.610 -18.610 -18.610 -18.610 -18.610 -18.630 -18.650 -18.680 -18.730 -18.810 -18.910 -19.040 -19.210 -19.400 -19.620 -19.830 -20.080 -20.330 -20.570 -20.750 -20.950 -21.170 -21.410 -21.670 -21.880 -22.020 -22.090 -22.230 -22.410
-14.990 -15.170 -15.340 -15.470 -15.570 -15.610 -15.650 -15.700 -15.750 -15.800 -15.860 -15.950 -16.100 -16.300 -16.490 -16.650 -16.800 -16.940 -17.060 -17.150 -17.250 -17.390 -17.520 -17.640 -17.760 -17.880 -18.000 -18.110 -18.220 -18.310 -18.390 -18.450 -18.500 -18.550 -18.590 -18.630 -18.670 -18.700 -18.720 -18.730 -18.740 -18.740 -18.730 -18.730 -18.720 -18.710 -18.710 -18.720 -18.740 -18.770 -18.820 -18.900 -19.020 -19.170 -19.360 -19.560 -19.780 -20.000 -20.270 -20.540 -20.770 -20.980 -21.220 -21.460 -21.700 -21.960 -22.130 -22.250 -22.340 -22.450 -22.600
-15.200 -15.350 -15.480 -15.600 -15.710 -15.780 -15.800 -15.840 -15.900 -15.960 -16.010 -16.140 -16.310 -16.490 -16.660 -16.820 -16.960 -17.090 -17.200 -17.300 -17.400 -17.510 -17.650 -17.770 -17.890 -18.000 -18.100 -18.210 -18.310 -18.390 -18.470 -18.530 -18.590 -18.640 -18.690 -18.740 -18.790 -18.830 -18.860 -18.870 -18.880 -18.880 -18.870 -18.850 -18.830 -18.820 -18.820 -18.830 -18.860 -18.880 -18.940 -19.050 -19.180 -19.330 -19.510 -19.720 -19.990 -20.270 -20.560 -20.820 -21.050 -21.270 -21.500 -21.730 -21.930 -22.130 -22.310 -22.430 -22.530 -22.640 -22.760
-15.440 -15.540 -15.650 -15.760 -15.890 -15.960 -15.940 -15.970 -16.070 -16.160 -16.260 -16.400 -16.560 -16.710 -16.850 -16.990 -17.120 -17.230 -17.350 -17.450 -17.540 -17.650 -17.770 -17.890 -18.010 -18.100 -18.200 -18.290 -18.380 -18.460 -18.530 -18.600 -18.660 -18.720 -18.810 -18.840 -18.900 -18.950 -18.990 -19.000 -19.010 -19.010 -19.010 -18.980 -18.950 -18.950 -18.960 -18.990 -19.030 -19.070 -19.140 -19.260 -19.390 -19.540 -19.720 -19.920 -20.250 -20.570 -20.870 -21.120 -21.340 -21.560 -21.790 -22.010 -22.170 -22.330 -22.470 -22.590 -22.700 -22.800 -22.890
-15.720 -15.760 -15.810 -15.900 -16.030 -16.100 -16.110 -16.160 -16.270 -16.390 -16.520 -16.670 -16.830 -16.940 -17.040 -17.160 -17.270 -17.380 -17.470 -17.570 -17.670 -17.770 -17.870 -17.990 -18.100 -18.200 -18.320 -18.370 -18.450 -18.530 -18.600 -18.660 -18.730 -18.800 -18.890 -18.950 -19.000 -19.040 -19.080 -19.110 -19.120 -19.130 -19.130 -19.120 -19.100 -19.120 -19.150 -19.200 -19.270 -19.340 -19.420 -19.530 -19.650 -19.790 -20.000 -20.270 -20.600 -20.930 -21.190 -21.410 -21.610 -21.820 -22.030 -22.220 -22.370 -22.510 -22.640 -22.750 -22.850 -22.930 -23.000
-15.940 -15.950 -15.980 -16.040 -16.180 -16.270 -16.320 -16.390 -16.490 -16.620 -16.760 -16.920 -17.050 -17.140 -17.220 -17.310 -17.400 -17.510 -17.600 -17.700 -17.790 -17.880 -17.970 -18.080 -18.190 -18.280 -18.370 -18.450 -18.520 -18.600 -18.660 -18.730 -18.800 -18.870 -18.950 -19.020 -19.090 -19.140 -19.190 -19.230 -19.250 -19.260 -19.270 -19.270 -19.280 -19.310 -19.370 -19.450 -19.540 -19.640 -19.740 -19.850 -19.990 -20.160 -20.400 -20.710 -21.020 -21.310 -21.540 -21.710 -21.880 -22.070 -22.250 -22.410 -22.560 -22.690 -22.790 -22.890 -22.990 -23.060 -23.120
-16.180 -16.200 -16.230 -16.300 -16.400 -16.480 -16.550 -16.620 -16.720 -16.830 -16.960 -17.100 -17.210 -17.300 -17.380 -17.460 -17.550 -17.640 -17.720 -17.820 -17.910 -17.990 -18.080 -18.190 -18.280 -18.370 -18.460 -18.530 -18.590 -18.660 -18.720 -18.790 -18.860 -18.940 -19.020 -19.100 -19.160 -19.240 -19.260 -19.300 -19.340 -19.380 -19.410 -19.430 -19.460 -19.510 -19.600 -19.710 -19.840 -19.950 -20.080 -20.210 -20.380 -20.610 -20.870 -21.170 -21.450 -21.700 -21.880 -22.010 -22.150 -22.310 -22.470 -22.610 -22.740 -22.850 -22.930 -23.020 -23.090 -23.150 -23.200
-16.430 -16.490 -16.510 -16.570 -16.660 -16.720 -16.770 -16.830 -16.930 -17.030 -17.130 -17.240 -17.340 -17.440 -17.520 -17.600 -17.680 -17.760 -17.850 -17.940 -18.030 -18.110 -18.200 -18.290 -18.380 -18.470 -18.550 -18.620 -18.690 -18.730 -18.790 -18.860 -18.930 -19.000 -19.100 -19.190 -19.280 -19.320 -19.380 -19.440 -19.490 -19.530 -19.560 -19.610 -19.660 -19.710 -19.800 -19.960 -20.130 -20.270 -20.410 -20.570 -20.780 -21.040 -21.320 -21.600 -21.850 -22.080 -22.220 -22.330 -22.440 -22.570 -22.690 -22.800 -22.900 -23.000 -23.060 -23.120 -23.190 -23.220 -23.280
-16.680 -16.690 -16.730 -16.810 -16.900 -16.970 -16.970 -17.020 -17.110 -17.200 -17.290 -17.380 -17.480 -17.560 -17.640 -17.720 -17.780 -17.850 -17.940 -18.050 -18.140 -18.240 -18.310 -18.400 -18.490 -18.570 -18.650 -18.720 -18.770 -18.820 -18.870 -18.930 -19.000 -19.090 -19.170 -19.320 -19.360 -19.430 -19.490 -19.540 -19.600 -19.640 -19.720 -19.790 -19.850 -19.910 -19.990 -20.210 -20.400 -20.560 -20.720 -20.920 -21.140 -21.410 -21.700 -22.010 -22.200 -22.370 -22.500 -22.610 -22.710 -22.790 -22.880 -22.960 -23.040 -23.120 -23.170 -23.220 -23.280 -23.290 -23.320
-16.880 -16.920 -16.960 -17.020 -17.090 -17.160 -17.180 -17.220 -17.300 -17.360 -17.440 -17.510 -17.590 -17.670 -17.740 -17.820 -17.900 -17.960 -18.040 -18.150 -18.250 -18.340 -18.430 -18.510 -18.600 -18.680 -18.760 -18.830 -18.870 -18.910 -18.950 -19.010 -19.100 -19.180 -19.260 -19.340 -19.400 -19.450 -19.510 -19.580 -19.650 -19.750 -19.880 -19.990 -20.070 -20.180 -20.320 -20.520 -20.710 -20.860 -21.020 -21.240 -21.480 -21.730 -22.000 -22.250 -22.450 -22.620 -22.750 -22.850 -22.920 -23.000 -23.050 -23.100 -23.170 -23.230 -23.280 -23.290 -23.320 -23.340 -23.370
-17.100 -17.120 -17.170 -17.230 -17.290 -17.320 -17.360 -17.400 -17.460 -17.510 -17.570 -17.640 -17.710 -17.790 -17.860 -17.940 -18.020 -18.090 -18.170 -18.260 -18.360 -18.450 -18.540 -18.620 -18.700 -18.790 -18.870 -18.950 -18.990 -19.010 -19.060 -19.130 -19.220 -19.300 -19.370 -19.440 -19.500 -19.640 -19.700 -19.760 -19.820 -19.900 -20.030 -20.150 -20.270 -20.480 -20.650 -20.850 -21.040 -21.180 -21.340 -21.540 -21.770 -22.010 -22.250 -22.470 -22.660 -22.820 -22.960 -23.040 -23.090 -23.150 -23.190 -23.240 -23.270 -23.310 -23.330 -23.420 -23.460 -23.410 -23.430
-17.310 -17.330 -17.360 -17.410 -17.450 -17.480 -17.520 -17.560 -17.610 -17.660 -17.710 -17.770 -17.830 -17.910 -17.990 -18.050 -18.130 -18.210 -18.290 -18.380 -18.480 -18.570 -18.660 -18.730 -18.800 -18.890 -18.980 -19.050 -19.100 -19.150 -19.210 -19.280 -19.350 -19.430 -19.490 -19.550 -19.600 -19.660 -19.740 -19.830 -19.900 -20.030 -20.230 -20.440 -20.600 -20.750 -20.920 -21.110 -21.300 -21.470 -21.630 -21.800 -22.010 -22.240 -22.460 -22.660 -22.820 -22.950 -23.080 -23.170 -23.220 -23.280 -23.320 -23.340 -23.370 -23.440 -23.470 -23.520 -23.550 -23.720 -23.470
-17.500 -17.520 -17.540 -17.580 -17.620 -17.650 -17.680 -17.720 -17.770 -17.810 -17.840 -17.890 -17.940 -18.010 -18.090 -18.170 -18.240 -18.320 -18.410 -18.510 -18.610 -18.700 -18.770 -18.830 -18.890 -18.970 -19.060 -19.150 -19.220 -19.290 -19.360 -19.430 -19.510 -19.580 -19.640 -19.690 -19.730 -19.790 -19.890 -20.000 -20.090 -20.270 -20.500 -20.710 -20.870 -20.960 -21.100 -21.300 -21.540 -21.720 -21.870 -22.030 -22.220 -22.440 -22.640 -22.820 -22.970 -23.080 -23.180 -23.330 -23.350 -23.380 -23.410 -23.430 -23.500 -23.540 -23.570 -23.580 -23.650 -23.660 -23.660
-17.670 -17.690 -17.710 -17.740 -17.770 -17.790 -17.810 -17.860 -17.920 -17.960 -17.970 -18.010 -18.060 -18.130 -18.200 -18.280 -18.350 -18.430 -18.530 -18.620 -18.730 -18.830 -18.900 -18.940 -18.990 -19.040 -19.150 -19.250 -19.340 -19.420 -19.510 -19.590 -19.670 -19.750 -19.820 -19.860 -19.880 -19.930 -20.050 -20.220 -20.380 -20.560 -20.750 -20.910 -21.010 -21.030 -21.170 -21.460 -21.750 -21.930 -22.060 -22.210 -22.390 -22.590 -22.790 -22.980 -23.120 -23.230 -23.330 -23.450 -23.430 -23.440 -23.620 -23.590 -23.600 -23.650 -23.680 -23.680 -23.740 -23.750 -23.790
-17.820 -17.830 -17.860 -17.890 -17.920 -17.930 -17.930 -17.960 -18.030 -18.070 -18.100 -18.140 -18.200 -18.250 -18.320 -18.390 -18.490 -18.570 -18.630 -18.730 -18.830 -18.950 -19.030 -19.060 -19.110 -19.180 -19.270 -19.360 -19.460 -19.560 -19.660 -19.760 -19.840 -19.920 -20.010 -20.070 -20.080 -20.160 -20.330 -20.500 -20.670 -20.820 -20.980 -21.000 -20.990 -20.980 -21.060 -21.540 -21.970 -22.110 -22.190 -22.290 -22.460 -22.680 -22.900 -23.100 -23.260 -23.370 -23.460 -23.560 -23.560 -23.670 -23.630 -23.740 -23.730 -23.750 -23.880 -23.820 -23.810 -23.880 -23.870
-17.950 -17.950 -17.980 -18.020 -18.040 -18.050 -18.030 -18.060 -18.120 -18.170 -18.220 -18.280 -18.330 -18.390 -18.440 -18.510 -18.580 -18.650 -18.730 -18.820 -18.920 -19.020 -19.110 -19.180 -19.240 -19.310 -19.390 -19.490 -19.580 -19.690 -19.820 -19.940 -20.020 -20.110 -20.210 -20.300 -20.380 -20.490 -20.640 -20.790 -20.930 -21.010 -21.050 -21.010 -20.960 -20.920 -20.960 -21.530 -22.070 -22.100 -22.130 -22.150 -22.380 -22.710 -22.950 -23.200 -23.350 -23.430 -23.510 -23.610 -23.710 -23.780 -23.780 -23.730 -23.770 -23.930 -23.870 -23.830 -23.940 -23.910 -23.920
-18.060 -18.060 -18.090 -18.120 -18.140 -18.170 -18.170 -18.180 -18.230 -18.280 -18.340 -18.400 -18.470 -18.530 -18.580 -18.640 -18.690 -18.750 -18.820 -18.910 -19.010 -19.110 -19.200 -19.290 -19.370 -19.450 -19.530 -19.610 -19.710 -19.810 -19.950 -20.090 -20.200 -20.310 -20.420 -20.530 -20.650 -20.770 -20.930 -21.040 -21.110 -21.110 -21.100 -21.030 -20.950 -20.870 -20.920 -21.240 -21.570 -21.640 -21.650 -21.650 -22.050 -22.690 -23.120 -23.330 -23.390 -23.390 -23.440 -23.580 -23.760 -23.840 -23.840 -23.890 -23.940 -23.850 -23.940 -23.950 -23.930 -23.950 -23.930
-18.170 -18.180 -18.200 -18.220 -18.230 -18.250 -18.300 -18.290 -18.340 -18.400 -18.460 -18.520 -18.580 -18.630 -18.710 -18.760 -18.810 -18.870 -18.920 -19.000 -19.110 -19.210 -19.300 -19.400 -19.490 -19.570 -19.660 -19.750 -19.830 -19.920 -20.060 -20.220 -20.360 -20.500 -20.630 -20.760 -20.900 -20.990 -21.060 -21.210 -21.250 -21.220 -21.170 -21.080 -20.940 -20.770 -20.680 -20.720 -20.780 -20.750 -20.700 -20.730 -21.440 -22.620 -23.190 -23.310 -23.260 -23.140 -23.180 -23.440 -23.690 -23.850 -23.910 -23.930 -24.010 -24.020 -23.980 -23.990 -23.960 -23.970 -24.130
-18.270 -18.280 -18.300 -18.310 -18.330 -18.350 -18.380 -18.410 -18.460 -18.510 -18.570 -18.650 -18.710 -18.770 -18.820 -18.870 -18.930 -18.960 -19.000 -19.110 -19.220 -19.320 -19.420 -19.510 -19.610 -19.700 -19.800 -19.890 -19.970 -20.050 -20.200 -20.360 -20.520 -20.680 -20.820 -20.960 -21.090 -21.200 -21.290 -21.340 -21.380 -21.320 -21.250 -21.120 -20.900 -20.610 -20.320 -20.100 -19.920 -19.720 -19.550 -19.590 -20.380 -21.830 -22.500 -22.690 -22.600 -22.370 -22.710 -23.210 -23.630 -23.870 -24.040 -23.970 -23.970 -24.040 -24.140 -24.130 -24.110 -24.040 -24.020
-18.350 -18.370 -18.390 -18.410 -18.430 -18.460 -18.490 -18.520 -18.560 -18.620 -18.690 -18.780 -18.860 -18.900 -18.940 -19.010 -19.070 -19.110 -19.160 -19.250 -19.350 -19.450 -19.550 -19.630 -19.730 -19.830 -19.930 -20.040 -20.130 -20.230 -20.360 -20.520 -20.690 -20.840 -20.990 -21.120 -21.260 -21.380 -21.460 -21.170 -21.170 -20.960 -21.010 -21.040 -20.920 -20.530 -20.010 -19.510 -19.160 -18.900 -18.700 -18.650 -19.100 -20.100 -20.690 -21.100 -21.320 -21.660 -22.290 -22.990 -23.510 -23.880 -24.050 -24.120 -24.180 -24.300 -24.270 -24.250 -24.160 -24.140 -24.100
-18.440 -18.460 -18.480 -18.510 -18.530 -18.560 -18.600 -18.630 -18.670 -18.720 -18.800 -18.890 -19.000 -19.050 -19.080 -19.150 -19.210 -19.270 -19.340 -19.400 -19.480 -19.560 -19.660 -19.760 -19.860 -19.970 -20.070 -20.180 -20.280 -20.400 -20.530 -20.670 -20.830 -21.000 -21.150 -21.260 -21.380 -21.470 -21.550 -21.600 -21.640 -21.620 -21.590 -21.390 -21.000 -20.470 -19.730 -18.980 -18.670 -18.450 -18.250 -18.160 -18.240 -18.340 -18.620 -18.810 -19.590 -20.860 -21.710 -22.620 -23.350 -23.830 -24.110 -24.280 -24.370 -24.500 -24.470 -24.400 -24.370 -24.400 -24.390
-18.530 -18.550 -18.580 -18.610 -18.640 -18.670 -18.710 -18.740 -18.780 -18.820 -18.890 -19.000 -19.110 -19.190 -19.250 -19.320 -19.380 -19.440 -19.500 -19.570 -19.630 -19.700 -19.790 -19.880 -19.990 -20.100 -20.210 -20.320 -20.430 -20.550 -20.670 -20.820 -20.970 -21.130 -21.260 -21.390 -21.500 -21.590 -21.670 -21.730 -21.770 -21.790 -21.820 -21.760 -21.480 -20.720 -19.710 -18.870 -18.420 -18.150 -17.910 -17.650 -17.480 -17.390 -17.430 -17.650 -18.280 -19.080 -20.480 -21.930 -22.980 -23.680 -24.060 -24.240 -24.420 -24.510 -24.510 -24.430 -24.400 -24.360 -24.290
