Proyecto/Data/BAT/PMBAT.grd
DSAA
321 641
2800 6000
518000 524400
-33.24 15.23
[rows 96 to 127 of 641, columns 71 to 141 of 321]
0.620 0.740 0.860 0.990 1.140 1.290 1.440 1.590 1.670 1.830 1.990 2.130 2.280 2.430 2.570 2.710 2.810 2.940 3.080 3.200 3.350 3.410 3.530 3.650 3.770 3.870 3.990 4.090 4.180 4.280 4.370 4.460 4.540 4.640 4.260 4.350 4.410 4.490 4.540 4.600 4.650 4.710 4.780 4.820 4.860 4.890 4.940 4.970 4.980 5.010 5.030 5.060 5.080 5.100 5.110 5.130 5.140 5.150 5.160 5.180 5.190 5.210 5.440 5.400 5.370 5.340 5.320 5.290 5.270 5.240 5.220
0.640 0.760 0.880 1.020 1.170 1.310 1.460 1.620 1.760 1.920 2.020 2.160 2.310 2.460 2.610 2.750 2.840 2.990 3.110 3.230 3.360 3.480 3.570 3.670 3.790 3.900 4.020 4.110 4.210 4.290 4.390 4.480 4.570 4.650 4.310 4.390 4.470 4.530 4.590 4.640 4.680 4.740 4.810 4.850 4.880 4.920 4.960 4.990 5.010 5.030 5.050 5.060 5.080 5.100 5.110 5.130 5.140 5.150 5.160 5.180 5.190 5.200 5.370 5.330 5.310 5.280 5.250 5.220 5.200 5.170 5.150
0.670 0.780 0.910 1.040 1.170 1.340 1.490 1.620 1.790 1.950 2.110 2.190 2.340 2.500 2.640 2.790 2.880 3.020 3.140 3.270 3.390 3.500 3.640 3.710 3.830 3.930 4.050 4.140 4.230 4.310 4.430 4.510 4.590 4.670 4.360 4.440 4.510 4.570 4.630 4.700 4.740 4.810 4.850 4.880 4.910 4.940 4.980 5.000 5.020 5.040 5.060 5.080 5.090 5.100 5.110 5.120 5.130 5.140 5.150 5.160 5.170 5.180 5.300 5.270 5.240 5.210 5.180 5.150 5.120 5.100 5.070
0.690 0.820 0.940 1.070 1.210 1.350 1.530 1.660 1.820 1.980 2.140 2.300 2.400 2.550 2.690 2.840 2.950 3.070 3.190 3.320 3.440 3.560 3.680 3.790 3.900 3.960 4.080 4.180 4.260 4.360 4.450 4.550 4.620 4.700 4.430 4.510 4.560 4.620 4.680 4.740 4.810 4.840 4.880 4.910 4.940 4.970 5.000 5.020 5.040 5.050 5.070 5.080 5.090 5.100 5.110 5.120 5.120 5.130 5.140 5.150 5.150 5.150 5.240 5.210 5.170 5.140 5.100 5.070 5.040 5.010 4.990
0.740 0.870 1.000 1.140 1.280 1.430 1.580 1.700 1.870 2.020 2.170 2.330 2.470 2.630 2.770 2.920 3.030 3.160 3.290 3.380 3.500 3.620 3.720 3.840 3.950 4.050 4.150 4.250 4.340 4.430 4.510 4.580 4.670 4.750 4.490 4.550 4.610 4.680 4.750 4.800 4.840 4.870 4.910 4.940 4.970 4.990 5.010 5.030 5.040 5.050 5.070 5.070 5.090 5.090 5.100 5.100 5.110 5.110 5.120 5.120 5.120 5.110 5.170 5.140 5.100 5.060 5.020 4.990 4.950 4.920 4.890
0.760 0.890 1.030 1.170 1.320 1.460 1.620 1.790 1.910 2.080 2.230 2.380 2.530 2.670 2.820 2.960 3.080 3.200 3.350 3.470 3.600 3.660 3.770 3.880 3.990 3.840 3.940 4.030 4.110 4.180 4.260 4.320 4.410 4.480 4.540 4.610 4.660 4.740 4.790 4.830 4.870 4.900 4.930 4.970 4.990 5.020 5.030 5.040 5.050 5.060 5.060 5.080 5.100 5.120 5.350 5.330 5.300 5.270 5.240 5.210 5.180 5.140 5.100 5.060 5.020 4.970 4.930 4.900 4.860 4.820 4.790
0.790 0.920 1.060 1.210 1.360 1.500 1.660 1.850 2.020 2.180 2.280 2.430 2.580 2.730 2.870 3.010 3.130 3.270 3.390 3.520 3.640 3.750 3.600 3.710 3.820 3.920 4.020 4.100 4.170 4.250 4.320 4.380 4.460 4.530 4.580 4.650 4.740 4.790 4.830 4.860 4.900 4.930 4.960 4.990 5.010 5.030 5.040 5.050 5.050 5.060 5.070 5.080 5.100 5.320 5.290 5.260 5.230 5.200 5.170 5.140 5.110 5.070 5.030 4.980 4.930 4.890 4.840 4.800 4.760 4.720 4.680
0.810 0.950 1.110 1.250 1.400 1.550 1.700 1.900 2.060 2.220 2.380 2.490 2.630 2.780 2.920 3.070 3.200 3.320 3.450 3.570 3.490 3.580 3.690 3.780 3.880 3.990 4.080 4.160 4.230 4.300 4.370 4.440 4.510 4.580 4.650 4.730 4.780 4.820 4.860 4.900 4.930 4.960 4.990 5.010 5.030 5.050 5.050 5.060 5.050 5.050 5.060 5.060 5.070 5.260 5.230 5.190 5.160 5.120 5.090 5.060 5.030 5.000 4.940 4.890 4.840 4.790 4.740 4.700 4.660 4.620 4.570
0.850 0.990 1.150 1.300 1.460 1.610 1.760 1.950 2.110 2.280 2.450 2.600 2.690 2.840 2.990 3.140 3.120 3.240 3.360 3.470 3.570 3.670 3.790 3.880 3.980 4.060 4.150 4.230 4.300 4.370 4.450 4.510 4.570 4.640 4.730 4.780 4.820 4.860 4.900 4.940 4.960 4.990 5.020 5.030 5.050 5.060 5.060 5.060 5.050 5.050 5.050 5.050 5.050 5.200 5.160 5.120 5.080 5.050 5.010 4.970 4.940 4.900 4.840 4.790 4.740 4.690 4.640 4.590 4.550 4.510 4.460
0.920 1.060 1.220 1.390 1.550 1.710 1.860 2.010 2.180 2.330 2.510 2.660 2.800 2.940 3.080 3.230 3.210 3.330 3.450 3.560 3.660 3.750 3.860 3.950 4.060 4.140 4.220 4.300 4.370 4.440 4.510 4.570 4.660 4.710 4.760 4.810 4.850 4.890 4.930 4.960 4.990 5.010 5.040 5.050 5.070 5.070 5.060 5.060 5.050 5.040 5.030 5.030 5.010 5.120 5.080 5.040 5.000 4.960 4.920 4.880 4.840 4.790 4.730 4.680 4.630 4.580 4.530 4.480 4.440 4.390 4.350
0.960 1.110 1.260 1.440 1.600 1.760 1.920 2.100 2.240 2.400 2.570 2.730 2.860 3.010 3.150 3.300 3.300 3.420 3.530 3.640 3.760 3.850 3.940 4.030 4.130 4.210 4.290 4.360 4.430 4.500 4.570 4.650 4.700 4.750 4.800 4.840 4.880 4.920 4.950 4.990 5.020 5.060 5.080 5.460 5.430 5.390 5.350 5.320 5.280 5.240 5.190 5.150 5.100 5.050 5.010 4.960 4.920 4.870 4.830 4.780 4.730 4.680 4.620 4.560 4.510 4.470 4.420 4.370 4.320 4.280 4.230
1.010 1.160 1.320 1.480 1.660 1.830 1.980 2.160 2.350 2.520 2.640 2.800 2.940 3.080 3.220 3.370 3.380 3.500 3.620 3.720 3.840 3.940 4.010 4.120 4.200 4.280 4.360 4.420 4.500 4.560 4.650 4.700 4.740 4.790 4.840 4.880 4.910 4.950 4.980 5.010 5.040 5.080 5.090 5.120 5.370 5.340 5.300 5.260 5.220 5.170 5.130 5.070 5.020 4.980 4.930 4.880 4.830 4.780 4.730 4.680 4.620 4.570 4.510 4.450 4.400 4.350 4.300 4.260 4.210 4.160 4.120
1.060 1.210 1.370 1.540 1.730 1.890 2.050 2.230 2.400 2.590 2.760 2.870 3.020 3.180 3.320 3.340 3.470 3.580 3.700 3.800 3.910 4.020 4.110 4.190 4.270 4.340 4.420 4.480 4.560 4.620 4.700 4.740 4.780 4.830 4.870 4.900 4.940 4.970 5.000 5.030 5.050 5.090 5.100 5.120 5.320 5.290 5.250 5.200 5.160 5.110 5.050 5.000 4.950 4.900 4.840 4.790 4.740 4.690 4.630 4.580 4.520 4.460 4.400 4.340 4.290 4.240 4.190 4.140 4.090 4.050 4.000
1.120 1.270 1.440 1.600 1.770 1.960 2.130 2.310 2.480 2.640 2.820 2.980 3.100 3.260 3.310 3.430 3.550 3.670 3.780 3.890 4.000 4.090 4.180 4.260 4.340 4.410 4.480 4.550 4.640 4.690 4.740 4.780 4.830 4.860 4.900 4.930 4.960 4.990 5.020 5.040 5.060 5.090 5.100 5.110 5.270 5.230 5.190 5.140 5.090 5.040 4.980 4.920 4.870 4.810 4.760 4.700 4.650 4.590 4.530 4.480 4.420 4.350 4.290 4.230 4.170 4.120 4.070 4.020 3.980 3.930 3.880
1.200 1.360 1.530 1.700 1.830 2.010 2.250 2.390 2.550 2.720 2.900 2.980 3.140 3.290 3.420 3.530 3.650 3.770 3.880 3.980 4.070 4.160 4.250 4.330 4.410 4.480 4.570 4.620 4.680 4.730 4.770 4.810 4.850 4.890 4.920 4.950 4.980 5.000 5.030 5.050 5.070 5.090 5.100 5.110 5.210 5.170 5.130 5.080 5.020 4.970 4.910 4.850 4.790 4.730 4.670 4.610 4.550 4.490 4.430 4.370 4.310 4.250 4.190 4.120 4.060 4.010 3.960 3.910 3.860 3.810 3.760
1.260 1.430 1.600 1.730 1.900 2.070 2.260 2.510 2.640 2.800 2.910 3.080 3.230 3.380 3.510 3.620 3.740 3.860 3.960 4.070 4.160 4.230 4.320 4.400 4.480 4.570 4.630 4.680 4.730 4.770 4.810 4.850 4.880 4.910 4.940 4.960 4.990 5.010 5.030 5.050 5.060 5.080 5.090 5.090 5.150 5.110 5.070 5.010 4.950 4.890 4.820 4.760 4.700 4.640 4.580 4.520 4.450 4.390 4.330 4.270 4.210 4.140 4.080 4.010 3.950 3.890 3.840 3.790 3.740 3.690 3.650
1.330 1.500 1.680 1.810 1.990 2.160 2.340 2.590 2.770 2.870 3.010 3.160 3.330 3.480 3.600 3.710 3.830 3.940 4.050 4.140 4.230 4.320 4.390 4.470 4.570 4.630 4.680 4.730 4.770 4.810 4.850 4.880 4.900 4.930 4.950 4.970 4.980 5.000 5.020 5.030 5.050 5.060 5.060 5.060 5.070 5.040 5.010 4.940 4.870 4.800 4.740 4.670 4.610 4.550 4.480 4.420 4.360 4.290 4.230 4.170 4.100 4.040 3.970 3.910 3.840 3.780 3.730 3.680 3.630 3.580 3.530
1.410 1.590 1.720 1.900 2.080 2.260 2.450 2.660 2.830 2.990 3.150 3.290 3.440 3.580 3.700 3.810 3.920 4.030 4.130 4.230 4.310 4.390 4.480 4.540 4.630 4.690 4.740 4.780 4.820 4.850 4.880 4.900 4.920 4.940 4.950 4.960 4.970 4.990 5.000 5.020 5.030 5.040 5.030 5.030 4.990 4.950 4.900 4.840 4.780 4.710 4.640 4.580 4.510 4.450 4.390 4.320 4.260 4.190 4.130 4.060 4.000 3.930 3.870 3.800 3.740 3.670 3.610 3.560 3.510 3.460 3.410
1.480 1.680 1.810 2.000 2.180 2.340 2.530 2.770 2.940 3.110 3.260 3.410 3.540 3.680 3.800 3.900 4.020 4.120 4.220 4.300 4.390 4.470 4.550 4.610 4.700 4.740 4.790 4.820 4.860 4.890 4.910 4.920 4.930 4.940 4.950 4.950 4.950 4.960 4.960 4.980 4.990 5.000 4.980 4.930 4.890 4.840 4.790 4.730 4.670 4.610 4.540 4.480 4.420 4.350 4.290 4.220 4.160 4.090 4.030 3.960 3.900 3.830 3.760 3.690 3.630 3.560 3.500 3.450 3.390 3.340 3.300
1.550 1.730 1.920 2.090 2.280 2.460 2.650 2.840 2.990 3.160 3.380 3.520 3.670 3.790 3.910 4.030 4.110 4.210 4.310 4.390 4.460 4.540 4.620 4.680 4.730 4.780 4.820 4.860 4.890 4.910 4.930 4.940 4.940 4.940 4.930 4.930 4.920 4.920 4.920 4.920 4.920 4.910 4.880 4.830 4.780 4.730 4.680 4.620 4.560 4.500 4.440 4.380 4.310 4.250 4.180 4.120 4.050 3.990 3.920 3.860 3.790 3.720 3.650 3.590 3.520 3.460 3.390 3.340 3.280 3.230 3.180
1.630 1.820 2.010 2.210 2.390 2.580 2.770 2.970 3.110 3.280 3.500 3.640 3.780 3.900 4.010 4.120 4.210 4.300 4.390 4.470 4.550 4.620 4.680 4.730 4.780 4.820 4.870 4.900 4.930 4.940 4.950 4.940 4.940 4.920 4.910 4.890 4.880 4.870 4.850 4.840 4.830 4.800 4.770 4.710 4.670 4.620 4.560 4.510 4.450 4.390 4.330 4.270 4.210 4.140 4.080 4.010 3.950 3.880 3.820 3.750 3.680 3.620 3.550 3.480 3.410 3.350 3.290 3.230 3.170 3.120 3.060
1.740 1.930 2.130 2.320 2.520 2.700 2.910 3.100 3.250 3.410 3.620 3.750 3.890 4.000 4.110 4.220 4.300 4.390 4.470 4.550 4.630 4.680 4.730 4.780 4.820 4.860 4.900 4.930 4.950 4.960 4.960 4.950 4.920 4.900 4.870 4.850 4.820 4.800 4.780 4.760 4.730 4.690 4.650 4.590 4.550 4.500 4.450 4.400 4.340 4.280 4.220 4.160 4.100 4.040 3.970 3.910 3.850 3.780 3.710 3.640 3.580 3.510 3.440 3.370 3.310 3.240 3.180 3.120 3.060 3.000 2.950
1.840 2.080 2.250 2.460 2.650 2.830 3.040 3.220 3.370 3.530 3.750 3.870 4.000 4.110 4.220 4.300 4.390 4.480 4.550 4.640 4.700 4.740 4.790 4.820 4.860 4.890 4.920 4.950 4.970 4.980 4.970 4.940 4.900 4.860 4.830 4.790 4.760 4.730 4.700 4.660 4.630 4.580 4.530 4.480 4.430 4.380 4.330 4.280 4.230 4.170 4.120 4.060 3.990 3.930 3.870 3.800 3.740 3.670 3.600 3.540 3.470 3.400 3.340 3.270 3.200 3.130 3.070 3.010 2.940 2.890 2.840
1.990 2.170 2.390 2.590 2.780 2.970 3.150 3.350 3.500 3.660 3.870 4.000 4.110 4.220 4.320 4.400 4.480 4.560 4.650 4.710 4.760 4.800 4.830 4.860 4.890 4.910 4.940 4.960 4.980 5.000 4.970 4.920 4.860 4.810 4.770 4.730 4.690 4.650 4.610 4.570 4.520 4.470 4.420 4.360 4.310 4.270 4.220 4.170 4.110 4.060 4.010 3.950 3.890 3.820 3.760 3.700 3.630 3.570 3.500 3.430 3.370 3.300 3.230 3.160 3.090 3.030 2.960 2.900 2.840 2.780 2.720
2.120 2.310 2.520 2.730 2.930 3.130 3.320 3.490 3.670 3.820 3.940 4.060 4.230 4.330 4.420 4.510 4.570 4.650 4.710 4.760 4.800 4.830 4.860 4.880 4.900 4.910 4.930 4.950 4.970 4.990 4.940 4.870 4.820 4.770 4.710 4.660 4.610 4.560 4.510 4.460 4.410 4.360 4.310 4.250 4.200 4.150 4.100 4.050 4.000 3.950 3.890 3.840 3.780 3.720 3.650 3.590 3.520 3.460 3.390 3.320 3.260 3.190 3.120 3.050 2.990 2.920 2.850 2.790 2.730 2.670 2.610
2.220 2.440 2.660 2.870 3.080 3.270 3.460 3.640 3.800 3.950 4.060 4.180 4.340 4.430 4.520 4.580 4.660 4.720 4.780 4.820 4.850 4.870 4.890 4.890 4.900 4.900 4.900 4.910 4.910 4.900 4.850 4.790 4.720 4.660 4.610 4.560 4.500 4.450 4.400 4.350 4.300 4.250 4.190 4.140 4.080 4.030 3.980 3.930 3.880 3.830 3.780 3.720 3.670 3.610 3.550 3.480 3.420 3.350 3.280 3.220 3.150 3.080 3.010 2.950 2.880 2.810 2.740 2.680 2.620 2.560 2.500
2.360 2.580 2.810 3.020 3.230 3.420 3.610 3.790 3.950 4.100 4.190 4.300 4.450 4.530 4.600 4.660 4.730 4.790 4.840 4.880 4.900 4.910 4.900 4.890 4.880 4.870 4.860 4.840 4.820 4.790 4.740 4.680 4.610 4.560 4.500 4.450 4.400 4.340 4.290 4.240 4.190 4.130 4.080 4.020 3.970 3.920 3.870 3.820 3.770 3.720 3.670 3.610 3.560 3.500 3.440 3.370 3.310 3.240 3.180 3.110 3.040 2.970 2.910 2.840 2.770 2.700 2.640 2.570 2.510 2.450 2.390
2.490 2.720 2.950 3.170 3.380 3.580 3.760 3.940 4.090 4.230 4.330 4.420 4.500 4.620 4.680 4.740 4.790 4.850 4.890 4.920 4.940 4.930 4.910 4.880 4.850 4.820 4.800 4.770 4.730 4.690 4.630 4.560 4.500 4.450 4.390 4.340 4.290 4.230 4.180 4.130 4.070 4.020 3.970 3.910 3.860 3.800 3.750 3.700 3.650 3.600 3.550 3.500 3.450 3.390 3.330 3.260 3.200 3.140 3.070 3.000 2.930 2.870 2.800 2.730 2.660 2.600 2.530 2.460 2.400 2.340 2.280
2.620 2.860 3.090 3.320 3.540 3.740 3.920 4.100 4.220 4.370 4.450 4.540 4.600 4.700 4.750 4.800 4.840 4.890 4.930 4.960 4.970 4.940 4.890 4.850 4.810 4.770 4.730 4.680 4.640 4.580 4.520 4.450 4.390 4.340 4.280 4.230 4.170 4.120 4.070 4.020 3.960 3.910 3.850 3.800 3.740 3.690 3.640 3.590 3.540 3.490 3.440 3.390 3.330 3.280 3.220 3.160 3.090 3.030 2.960 2.890 2.830 2.760 2.690 2.620 2.560 2.490 2.420 2.360 2.290 2.230 2.170
2.730 2.990 3.250 3.490 3.730 3.920 4.100 4.240 4.380 4.480 4.590 4.650 4.710 4.780 4.810 4.840 4.870 4.900 4.940 4.970 4.990 4.920 4.850 4.800 4.740 4.690 4.640 4.590 4.540 4.480 4.410 4.350 4.280 4.220 4.170 4.120 4.060 4.010 3.960 3.900 3.850 3.790 3.740 3.690 3.630 3.580 3.520 3.470 3.420 3.370 3.330 3.270 3.220 3.170 3.110 3.050 2.980 2.920 2.850 2.790 2.720 2.650 2.590 2.520 2.450 2.380 2.320 2.250 2.180 2.120 2.060
2.850 3.120 3.400 3.660 3.890 4.090 4.260 4.400 4.530 4.620 4.700 4.750 4.810 4.840 4.850 4.860 4.880 4.890 4.910 4.920 4.910 4.850 4.780 4.720 4.660 4.610 4.550 4.490 4.440 4.370 4.310 4.240 4.170 4.110 4.060 4.000 3.950 3.900 3.840 3.790 3.730 3.680 3.630 3.570 3.520 3.460 3.410 3.360 3.310 3.260 3.210 3.160 3.110 3.060 3.000 2.940 2.880 2.810 2.740 2.680 2.610 2.540 2.480 2.410 2.340 2.270 2.210 2.140 2.070 2.010 1.950
2.970 3.270 3.560 3.820 4.050 4.260 4.430 4.560 4.660 4.740 4.810 4.840 4.880 4.880 4.870 4.860 4.860 4.860 4.850 4.830 4.800 4.750 4.680 4.620 4.560 4.510 4.450 4.390 4.330 4.260 4.200 4.130 4.060 4.000 3.940 3.890 3.840 3.780 3.730 3.670 3.620 3.570 3.510 3.460 3.400 3.350 3.300 3.250 3.190 3.140 3.100 3.050 3.000 2.940 2.890 2.830 2.770 2.700 2.640 2.570 2.500 2.440 2.370 2.300 2.230 2.170 2.100 2.030 1.970 1.900 1.840
